State 	 Left 	 Up 	 Right 	 Down 
( 0,  0) 	 0.000000 	 -1.126914 	 0.000000 	 1.955317 
( 0,  1) 	 0.000000 	 0.000000 	 0.000000 	 -0.059121 
( 0,  2) 	 0.000000 	 0.000000 	 0.000000 	 0.000000 
( 0,  3) 	 0.000000 	 0.000000 	 0.000000 	 0.000000 
( 0,  4) 	 0.000000 	 0.000000 	 0.000000 	 0.000000 
( 0,  5) 	 0.000000 	 0.000000 	 0.000000 	 0.000000 
( 0,  6) 	 0.000000 	 0.000000 	 0.000000 	 0.000000 
( 0,  7) 	 0.000000 	 0.000000 	 0.000000 	 0.000000 
( 0,  8) 	 0.000000 	 0.000000 	 0.000000 	 0.000000 
( 0,  9) 	 0.000000 	 0.000000 	 0.000000 	 0.000000 
( 1,  0) 	 0.000000 	 0.000000 	 0.000000 	 2.315787 
( 1,  1) 	 -0.324231 	 -0.218833 	 0.000000 	 0.000000 
( 1,  2) 	 0.000000 	 0.000000 	 0.000000 	 0.000000 
( 1,  3) 	 0.000000 	 0.000000 	 0.000000 	 0.000000 
( 1,  4) 	 0.000000 	 0.000000 	 0.000000 	 0.000000 
( 1,  5) 	 0.000000 	 0.000000 	 0.000000 	 0.000000 
( 1,  6) 	 0.000000 	 0.000000 	 0.000000 	 0.000000 
( 1,  7) 	 0.000000 	 0.000000 	 11.712857 	 0.000000 
( 1,  8) 	 0.000000 	 0.000000 	 0.000000 	 0.000000 
( 1,  9) 	 12.567465 	 0.000000 	 0.000000 	 0.000000 
( 2,  0) 	 0.000000 	 0.000000 	 0.000000 	 2.356790 
( 2,  1) 	 0.000000 	 0.000000 	 0.000000 	 0.000000 
( 2,  2) 	 0.000000 	 0.000000 	 0.000000 	 0.000000 
( 2,  3) 	 0.000000 	 0.000000 	 0.000000 	 -0.000245 
( 2,  4) 	 0.000000 	 0.000000 	 0.000000 	 0.000000 
( 2,  5) 	 0.000000 	 0.000000 	 0.000000 	 0.000000 
( 2,  6) 	 0.000000 	 0.000000 	 0.000000 	 0.000000 
( 2,  7) 	 0.000000 	 10.775793 	 0.000000 	 0.000000 
( 2,  8) 	 0.000000 	 0.000000 	 0.000000 	 0.000000 
( 2,  9) 	 0.000000 	 12.721257 	 0.000000 	 0.000000 
( 3,  0) 	 0.000000 	 0.000000 	 0.000000 	 2.406400 
( 3,  1) 	 0.000000 	 0.000000 	 0.000000 	 0.000000 
( 3,  2) 	 0.000000 	 0.000000 	 0.000000 	 0.000000 
( 3,  3) 	 -0.500000 	 -0.000198 	 0.000000 	 -0.000302 
( 3,  4) 	 0.000000 	 0.000000 	 0.000000 	 0.000000 
( 3,  5) 	 0.000000 	 0.000000 	 0.000000 	 0.000000 
( 3,  6) 	 0.000000 	 0.000000 	 9.249277 	 0.000000 
( 3,  7) 	 0.000000 	 9.764868 	 0.000000 	 2.332747 
( 3,  8) 	 0.000000 	 0.000000 	 0.000000 	 0.000000 
( 3,  9) 	 0.000000 	 12.702048 	 2.361165 	 0.000000 
( 4,  0) 	 -1.065999 	 0.000000 	 0.000000 	 2.250561 
( 4,  1) 	 0.000000 	 0.000000 	 -0.272399 	 0.000000 
( 4,  2) 	 -0.067415 	 0.000000 	 0.000000 	 -0.436233 
( 4,  3) 	 -0.010088 	 -0.000000 	 -0.500302 	 0.000000 
( 4,  4) 	 0.000000 	 0.000000 	 0.000000 	 0.000000 
( 4,  5) 	 0.000000 	 0.000000 	 0.000000 	 0.000000 
( 4,  6) 	 0.000000 	 8.644004 	 0.000000 	 0.000000 
( 4,  7) 	 0.000000 	 0.000000 	 0.000000 	 0.000000 
( 4,  8) 	 0.000000 	 0.000000 	 0.000000 	 0.000000 
( 4,  9) 	 0.000000 	 12.717091 	 1.922596 	 0.000000 
( 5,  0) 	 0.000000 	 0.000000 	 7.740425 	 0.000000 
( 5,  1) 	 0.000000 	 0.000000 	 7.963012 	 0.000000 
( 5,  2) 	 0.000000 	 0.000000 	 0.135671 	 7.920314 
( 5,  3) 	 0.000000 	 -0.000302 	 0.000000 	 0.000000 
( 5,  4) 	 0.000000 	 0.000000 	 0.000000 	 0.000000 
( 5,  5) 	 0.000000 	 0.000000 	 0.000000 	 0.000000 
( 5,  6) 	 0.000000 	 8.118380 	 0.000000 	 0.000000 
( 5,  7) 	 0.000000 	 0.000000 	 0.000000 	 0.000000 
( 5,  8) 	 -0.000000 	 -0.413568 	 2.496208 	 -0.061203 
( 5,  9) 	 -0.122406 	 12.340648 	 0.000000 	 0.000000 
( 6,  0) 	 0.000000 	 1.150741 	 0.000000 	 0.000000 
( 6,  1) 	 0.000000 	 0.000000 	 0.000000 	 0.000000 
( 6,  2) 	 0.000000 	 0.000000 	 0.000335 	 8.439158 
( 6,  3) 	 0.000000 	 0.000000 	 0.000000 	 0.136006 
( 6,  4) 	 0.000000 	 0.000000 	 0.000000 	 0.000000 
( 6,  5) 	 0.000000 	 0.000000 	 0.000000 	 0.000000 
( 6,  6) 	 0.000000 	 7.409302 	 0.000000 	 0.000000 
( 6,  7) 	 0.000000 	 0.000000 	 0.000000 	 -0.500302 
( 6,  8) 	 0.000000 	 2.225938 	 0.000000 	 0.000000 
( 6,  9) 	 0.000000 	 11.842773 	 0.000000 	 0.000000 
( 7,  0) 	 0.000000 	 1.135335 	 0.000000 	 0.000000 
( 7,  1) 	 0.000000 	 0.000000 	 0.000000 	 0.000000 
( 7,  2) 	 0.000000 	 0.000000 	 0.000000 	 8.673794 
( 7,  3) 	 0.281828 	 0.000000 	 0.000000 	 0.000000 
( 7,  4) 	 0.000000 	 0.000000 	 0.000000 	 0.000000 
( 7,  5) 	 0.000000 	 0.000000 	 5.681815 	 0.000000 
( 7,  6) 	 0.000000 	 6.509585 	 0.000000 	 0.000000 
( 7,  7) 	 0.000000 	 0.000000 	 0.000000 	 0.000000 
( 7,  8) 	 0.000000 	 0.000000 	 0.000000 	 0.000000 
( 7,  9) 	 0.000000 	 11.472935 	 0.000000 	 0.000000 
( 8,  0) 	 0.000000 	 0.999698 	 0.000000 	 0.000000 
( 8,  1) 	 1.809755 	 0.000000 	 0.000000 	 0.000000 
( 8,  2) 	 0.000000 	 0.000000 	 0.000000 	 8.554460 
( 8,  3) 	 0.000000 	 0.000000 	 0.000000 	 0.000000 
( 8,  4) 	 0.000000 	 0.000000 	 0.000000 	 0.000000 
( 8,  5) 	 0.000000 	 0.000000 	 0.000000 	 0.000000 
( 8,  6) 	 0.000000 	 0.000000 	 0.000000 	 0.000000 
( 8,  7) 	 0.000000 	 0.000000 	 0.000000 	 0.000000 
( 8,  8) 	 0.000000 	 0.000000 	 0.000000 	 0.000000 
( 8,  9) 	 0.000000 	 11.115497 	 0.000000 	 0.000000 
( 9,  0) 	 0.000000 	 0.000000 	 0.000000 	 0.000000 
( 9,  1) 	 0.000000 	 0.000000 	 0.000000 	 0.000000 
( 9,  2) 	 0.000000 	 0.000000 	 8.569238 	 0.000000 
( 9,  3) 	 0.000000 	 0.000000 	 9.159559 	 0.000000 
( 9,  4) 	 0.000000 	 0.000000 	 9.369254 	 0.000000 
( 9,  5) 	 0.000000 	 0.000000 	 9.602141 	 0.000000 
( 9,  6) 	 0.000000 	 0.000000 	 9.858575 	 0.000000 
( 9,  7) 	 0.000000 	 0.000000 	 10.179792 	 0.000000 
( 9,  8) 	 -0.104922 	 0.000000 	 10.207119 	 0.000000 
( 9,  9) 	 0.000000 	 10.373289 	 0.000000 	 0.000000 
