State 	 Left 	 Up 	 Right 	 Down 
( 0,  0) 	 0.000000 	 0.000000 	 5.702274 	 1.013232 
( 0,  1) 	 0.000000 	 0.000000 	 -0.137322 	 6.411604 
( 0,  2) 	 0.000000 	 0.000000 	 0.000000 	 0.000000 
( 0,  3) 	 0.000000 	 0.000000 	 8.596162 	 0.000000 
( 0,  4) 	 2.507426 	 0.000000 	 9.547182 	 -0.121802 
( 0,  5) 	 0.000000 	 0.000000 	 12.335425 	 -0.122406 
( 0,  6) 	 0.000000 	 0.000000 	 13.365087 	 0.000000 
( 0,  7) 	 0.000000 	 0.000000 	 13.954610 	 0.890826 
( 0,  8) 	 7.902053 	 0.000000 	 3.081326 	 12.936177 
( 0,  9) 	 13.775046 	 0.000000 	 0.000000 	 0.000000 
( 1,  0) 	 0.000000 	 0.000000 	 0.000000 	 1.135671 
( 1,  1) 	 0.000000 	 0.000000 	 6.897935 	 0.000000 
( 1,  2) 	 0.000000 	 0.000000 	 7.420253 	 0.000000 
( 1,  3) 	 0.000000 	 7.718117 	 0.000000 	 0.000000 
( 1,  4) 	 0.000000 	 0.000000 	 1.508446 	 0.000000 
( 1,  5) 	 1.025564 	 8.620738 	 1.718925 	 -0.000000 
( 1,  6) 	 0.000000 	 0.000000 	 0.000000 	 0.000000 
( 1,  7) 	 0.000000 	 0.000000 	 6.149573 	 0.000000 
( 1,  8) 	 0.000000 	 0.000000 	 0.000000 	 0.000000 
( 1,  9) 	 14.076782 	 5.836721 	 0.000000 	 0.000000 
( 2,  0) 	 0.000000 	 0.000000 	 0.000000 	 1.135671 
( 2,  1) 	 0.000000 	 0.000000 	 0.000000 	 0.000000 
( 2,  2) 	 0.000000 	 0.000000 	 0.000000 	 0.000000 
( 2,  3) 	 0.000000 	 0.000000 	 0.000000 	 0.000000 
( 2,  4) 	 0.000000 	 -0.061154 	 0.000000 	 0.000000 
( 2,  5) 	 -0.049535 	 1.697384 	 -0.499665 	 -0.000000 
( 2,  6) 	 0.000000 	 0.000000 	 0.000000 	 0.000000 
( 2,  7) 	 0.000000 	 0.000000 	 0.000000 	 0.000000 
( 2,  8) 	 0.000000 	 0.000000 	 0.000000 	 0.000000 
( 2,  9) 	 0.000000 	 15.752581 	 0.000000 	 0.000000 
( 3,  0) 	 0.000000 	 0.000000 	 0.000000 	 1.135671 
( 3,  1) 	 0.000000 	 0.000000 	 0.000000 	 0.000000 
( 3,  2) 	 0.000000 	 0.000000 	 0.000000 	 0.000000 
( 3,  3) 	 -0.500148 	 0.000000 	 0.000000 	 -0.000182 
( 3,  4) 	 0.000000 	 0.000000 	 0.000000 	 0.000000 
( 3,  5) 	 0.000000 	 1.135671 	 0.000000 	 0.000000 
( 3,  6) 	 0.000000 	 0.000000 	 0.000000 	 0.000000 
( 3,  7) 	 0.000000 	 0.000000 	 0.000000 	 0.000000 
( 3,  8) 	 0.000000 	 0.000000 	 0.000000 	 0.000000 
( 3,  9) 	 0.000000 	 15.466290 	 0.000000 	 0.000000 
( 4,  0) 	 0.000000 	 0.000000 	 1.000000 	 0.000000 
( 4,  1) 	 0.000000 	 0.000000 	 1.135335 	 0.000000 
( 4,  2) 	 0.000000 	 0.000000 	 0.971548 	 0.000000 
( 4,  3) 	 -0.265799 	 -0.405120 	 -0.500000 	 1.852476 
( 4,  4) 	 0.000000 	 0.000000 	 0.000000 	 0.000000 
( 4,  5) 	 0.000000 	 1.135335 	 0.000000 	 0.000000 
( 4,  6) 	 0.000000 	 0.000000 	 0.000000 	 0.000000 
( 4,  7) 	 0.000000 	 0.000000 	 0.000000 	 0.000000 
( 4,  8) 	 0.000000 	 0.000000 	 0.000000 	 0.000000 
( 4,  9) 	 0.000000 	 14.728003 	 0.000000 	 0.000000 
( 5,  0) 	 0.000000 	 0.000000 	 0.000000 	 0.000000 
( 5,  1) 	 0.000000 	 0.000000 	 -0.536008 	 -0.500000 
( 5,  2) 	 -0.217077 	 0.000000 	 -0.519719 	 0.413823 
( 5,  3) 	 -0.236629 	 -0.000164 	 0.797868 	 0.000022 
( 5,  4) 	 0.000072 	 -0.500000 	 1.135335 	 0.000000 
( 5,  5) 	 0.000000 	 1.000000 	 0.000000 	 0.000000 
( 5,  6) 	 0.000000 	 0.000000 	 0.000000 	 0.000000 
( 5,  7) 	 0.000000 	 0.000000 	 0.000000 	 0.000000 
( 5,  8) 	 0.000000 	 0.000000 	 4.139066 	 0.000000 
( 5,  9) 	 0.000000 	 13.801022 	 0.000000 	 0.000000 
( 6,  0) 	 0.098988 	 0.000000 	 0.000000 	 0.000000 
( 6,  1) 	 0.000000 	 0.000000 	 0.000000 	 0.000000 
( 6,  2) 	 -0.500000 	 0.511029 	 0.000000 	 0.000000 
( 6,  3) 	 0.000149 	 0.000000 	 0.000000 	 0.000000 
( 6,  4) 	 0.000000 	 0.000000 	 0.000000 	 0.000000 
( 6,  5) 	 0.000000 	 0.000000 	 0.000000 	 0.000000 
( 6,  6) 	 0.000000 	 0.000000 	 6.443317 	 0.000000 
( 6,  7) 	 0.000000 	 0.000000 	 7.453364 	 0.000000 
( 6,  8) 	 0.000000 	 1.175466 	 9.725486 	 0.000000 
( 6,  9) 	 0.000000 	 10.834075 	 0.000000 	 0.000000 
( 7,  0) 	 0.000000 	 0.000000 	 0.000000 	 0.000000 
( 7,  1) 	 0.000000 	 0.000000 	 0.000000 	 0.000000 
( 7,  2) 	 0.000000 	 0.000000 	 0.000000 	 0.000000 
( 7,  3) 	 0.000000 	 0.000000 	 0.000000 	 0.000000 
( 7,  4) 	 0.000000 	 0.000000 	 0.000000 	 0.000000 
( 7,  5) 	 0.000000 	 0.000000 	 5.355212 	 0.999698 
( 7,  6) 	 -0.026971 	 5.742669 	 0.000000 	 0.000000 
( 7,  7) 	 0.000000 	 0.000000 	 0.000000 	 0.000000 
( 7,  8) 	 0.000000 	 8.957436 	 0.000000 	 0.000000 
( 7,  9) 	 0.000000 	 0.000000 	 0.000000 	 0.000000 
( 8,  0) 	 0.000000 	 0.000000 	 0.000000 	 0.000000 
( 8,  1) 	 0.000000 	 0.000000 	 2.689825 	 0.000000 
( 8,  2) 	 0.000000 	 0.000000 	 2.861294 	 0.000000 
( 8,  3) 	 0.000000 	 -0.121802 	 0.000000 	 2.888299 
( 8,  4) 	 0.000000 	 0.000000 	 0.000000 	 0.000000 
( 8,  5) 	 0.000000 	 0.000000 	 0.000000 	 1.944176 
( 8,  6) 	 0.000000 	 0.000000 	 0.000000 	 0.088193 
( 8,  7) 	 0.000000 	 0.000000 	 0.000000 	 0.000000 
( 8,  8) 	 0.000000 	 9.256238 	 0.000000 	 0.000000 
( 8,  9) 	 0.000000 	 0.000000 	 0.000000 	 0.000000 
( 9,  0) 	 0.000000 	 0.000000 	 0.000000 	 0.000000 
( 9,  1) 	 0.000000 	 0.000000 	 0.000000 	 0.000000 
( 9,  2) 	 0.000000 	 0.000000 	 0.287390 	 0.000000 
( 9,  3) 	 -0.109439 	 -0.559039 	 3.235644 	 -0.364665 
( 9,  4) 	 0.000000 	 0.000000 	 3.990151 	 -1.187752 
( 9,  5) 	 -0.653757 	 0.000000 	 8.828147 	 0.000000 
( 9,  6) 	 0.000000 	 -0.121433 	 9.179586 	 0.000000 
( 9,  7) 	 0.000000 	 0.000000 	 8.984498 	 0.000000 
( 9,  8) 	 0.000000 	 8.866918 	 0.000000 	 0.000000 
( 9,  9) 	 0.000000 	 0.000000 	 0.000000 	 0.000000 
