State 	 Left 	 Up 	 Right 	 Down 
( 0,  0) 	 0.000000 	 0.000000 	 6.504027 	 1.271006 
( 0,  1) 	 0.000000 	 0.000000 	 0.000000 	 7.328742 
( 0,  2) 	 0.000000 	 0.000000 	 0.000000 	 0.000000 
( 0,  3) 	 0.000000 	 0.000000 	 0.000000 	 0.000000 
( 0,  4) 	 0.000000 	 0.000000 	 0.000000 	 0.000000 
( 0,  5) 	 0.000000 	 0.000000 	 7.035986 	 0.000000 
( 0,  6) 	 0.000000 	 0.000000 	 8.174730 	 0.000000 
( 0,  7) 	 0.000000 	 1.117924 	 9.584962 	 0.000000 
( 0,  8) 	 0.000000 	 0.000000 	 0.000000 	 12.006529 
( 0,  9) 	 6.004047 	 0.000000 	 0.000000 	 0.000000 
( 1,  0) 	 0.000000 	 0.000000 	 0.000000 	 1.033424 
( 1,  1) 	 0.000000 	 0.000000 	 1.000034 	 6.189073 
( 1,  2) 	 0.000000 	 0.000000 	 1.135335 	 0.000000 
( 1,  3) 	 0.000000 	 0.000000 	 3.118701 	 0.000000 
( 1,  4) 	 0.000000 	 0.000000 	 3.292777 	 0.000000 
( 1,  5) 	 0.000000 	 6.021611 	 0.000000 	 0.000000 
( 1,  6) 	 0.000000 	 0.000000 	 0.000000 	 0.000000 
( 1,  7) 	 0.000000 	 0.000000 	 10.426860 	 0.000000 
( 1,  8) 	 0.000000 	 0.000000 	 0.000000 	 0.000000 
( 1,  9) 	 8.817297 	 1.150546 	 1.568455 	 0.000000 
( 2,  0) 	 0.000000 	 0.000000 	 0.000000 	 3.749370 
( 2,  1) 	 -0.122406 	 0.000000 	 0.000000 	 6.265300 
( 2,  2) 	 0.000000 	 0.000000 	 0.000000 	 0.000000 
( 2,  3) 	 0.000000 	 -0.632854 	 0.271677 	 0.000000 
( 2,  4) 	 -0.024451 	 0.000000 	 0.522009 	 0.000000 
( 2,  5) 	 0.000000 	 2.866284 	 -0.499933 	 0.000000 
( 2,  6) 	 0.000000 	 0.000000 	 0.000000 	 0.000000 
( 2,  7) 	 0.000000 	 5.416489 	 10.087252 	 0.000000 
( 2,  8) 	 0.000000 	 16.457801 	 -0.599750 	 0.000000 
( 2,  9) 	 0.000000 	 10.137924 	 0.000000 	 0.000000 
( 3,  0) 	 0.000000 	 0.000000 	 0.000000 	 3.412087 
( 3,  1) 	 0.000000 	 0.000000 	 0.000000 	 6.368269 
( 3,  2) 	 0.000000 	 0.000000 	 0.000000 	 0.000000 
( 3,  3) 	 -0.915517 	 -0.512611 	 10.008556 	 2.605682 
( 3,  4) 	 -0.741871 	 0.000369 	 11.087606 	 0.000000 
( 3,  5) 	 -0.600915 	 -0.404610 	 12.750616 	 -0.000000 
( 3,  6) 	 -0.327734 	 -1.614329 	 19.751613 	 0.000000 
( 3,  7) 	 0.000000 	 10.939257 	 12.654406 	 2.872380 
( 3,  8) 	 3.357071 	 12.644643 	 0.000000 	 2.808147 
( 3,  9) 	 0.000000 	 7.633868 	 -0.500000 	 -0.405000 
( 4,  0) 	 0.000000 	 0.000000 	 2.068207 	 0.000000 
( 4,  1) 	 0.000000 	 0.000000 	 9.067069 	 0.000000 
( 4,  2) 	 0.000000 	 0.000000 	 9.211437 	 0.000000 
( 4,  3) 	 0.000000 	 9.373870 	 0.000000 	 1.081932 
( 4,  4) 	 0.000000 	 0.000000 	 0.000000 	 0.000000 
( 4,  5) 	 1.262663 	 -0.487043 	 6.098659 	 1.973627 
( 4,  6) 	 0.555380 	 14.705584 	 0.000000 	 4.126255 
( 4,  7) 	 0.000000 	 0.000000 	 0.000000 	 0.000000 
( 4,  8) 	 0.000000 	 0.000000 	 0.000000 	 0.000000 
( 4,  9) 	 -0.500000 	 7.106222 	 -0.350592 	 -0.003370 
( 5,  0) 	 -0.500000 	 0.000000 	 0.000000 	 0.369774 
( 5,  1) 	 0.000000 	 0.000000 	 0.000000 	 0.000000 
( 5,  2) 	 0.000000 	 0.000000 	 0.000000 	 0.000000 
( 5,  3) 	 0.000000 	 2.725425 	 1.108392 	 0.000000 
( 5,  4) 	 0.878198 	 -0.500000 	 8.540155 	 0.000000 
( 5,  5) 	 -0.038428 	 1.943468 	 8.518411 	 -0.941430 
( 5,  6) 	 -0.000135 	 12.603013 	 5.685941 	 -0.002129 
( 5,  7) 	 4.780092 	 1.958210 	 0.702879 	 -0.122406 
( 5,  8) 	 -0.233105 	 -0.845269 	 7.658532 	 -0.265721 
( 5,  9) 	 -0.144818 	 7.290190 	 -0.870605 	 -0.219366 
( 6,  0) 	 -0.905000 	 0.294872 	 -0.750073 	 -0.299734 
( 6,  1) 	 0.000000 	 0.000000 	 0.000000 	 0.000000 
( 6,  2) 	 0.000000 	 0.000000 	 0.756195 	 0.000000 
( 6,  3) 	 0.000000 	 0.000000 	 0.623831 	 0.000000 
( 6,  4) 	 -0.000000 	 3.832706 	 -0.500000 	 0.000000 
( 6,  5) 	 0.000000 	 0.000000 	 0.000000 	 0.000000 
( 6,  6) 	 3.423498 	 11.268284 	 -0.002628 	 0.042324 
( 6,  7) 	 -0.405000 	 1.599750 	 -0.003245 	 -0.622406 
( 6,  8) 	 -0.328050 	 5.389341 	 -0.405000 	 -0.355553 
( 6,  9) 	 -0.287998 	 -0.273212 	 -0.500000 	 -0.000000 
( 7,  0) 	 -0.875000 	 -0.589143 	 -0.476911 	 -0.253040 
( 7,  1) 	 -0.588798 	 -0.492594 	 0.591072 	 0.035256 
( 7,  2) 	 -0.643070 	 0.999765 	 0.029971 	 -0.113931 
( 7,  3) 	 0.000000 	 -0.000000 	 0.037002 	 0.000000 
( 7,  4) 	 -0.000000 	 1.001006 	 0.045683 	 0.000000 
( 7,  5) 	 0.776654 	 -0.500000 	 10.984505 	 0.167696 
( 7,  6) 	 -0.000421 	 10.086258 	 2.249053 	 2.109303 
( 7,  7) 	 0.000000 	 0.000000 	 0.000000 	 0.000000 
( 7,  8) 	 -0.750000 	 5.412595 	 -0.188955 	 -0.171468 
( 7,  9) 	 -0.000000 	 -0.233278 	 -0.715235 	 -0.265722 
( 8,  0) 	 -0.499482 	 -0.296461 	 -0.124261 	 0.231661 
( 8,  1) 	 -0.303321 	 0.915735 	 5.457035 	 -0.519384 
( 8,  2) 	 -0.144348 	 0.024277 	 5.561143 	 -0.004074 
( 8,  3) 	 0.120237 	 -0.000000 	 -0.500000 	 5.699596 
( 8,  4) 	 0.000000 	 0.000000 	 0.000000 	 0.000000 
( 8,  5) 	 -0.500000 	 8.228818 	 0.035059 	 -0.265721 
( 8,  6) 	 0.033346 	 3.646514 	 0.979878 	 0.000007 
( 8,  7) 	 -0.258609 	 -0.394160 	 2.364611 	 -0.666453 
( 8,  8) 	 0.377748 	 0.812986 	 -0.322647 	 -0.405011 
( 8,  9) 	 -0.328062 	 -0.579340 	 -0.500000 	 -0.398330 
( 9,  0) 	 -0.952500 	 0.286002 	 -0.328050 	 -0.500000 
( 9,  1) 	 -0.265721 	 -0.029655 	 -0.405000 	 -0.641215 
( 9,  2) 	 -0.080187 	 -0.003295 	 -0.051473 	 -0.500000 
( 9,  3) 	 -0.063547 	 -0.405000 	 6.434608 	 -0.750000 
( 9,  4) 	 0.000000 	 -0.500000 	 6.958702 	 -0.500000 
( 9,  5) 	 0.000000 	 7.551622 	 -0.588750 	 -0.500000 
( 9,  6) 	 -0.476887 	 0.023358 	 -0.286720 	 -0.750000 
( 9,  7) 	 -0.318622 	 -0.539827 	 0.000000 	 0.000000 
( 9,  8) 	 0.258083 	 -0.000007 	 -1.177595 	 -0.750000 
( 9,  9) 	 -0.953821 	 -0.671765 	 -0.500000 	 -0.500000 
