State 	 Left 	 Up 	 Right 	 Down 
( 0,  0) 	 0.000000 	 0.000000 	 5.242199 	 0.000000 
( 0,  1) 	 0.000000 	 0.000000 	 0.000000 	 5.724825 
( 0,  2) 	 0.000000 	 0.000000 	 0.000000 	 0.000000 
( 0,  3) 	 0.000000 	 0.000000 	 0.000000 	 0.000000 
( 0,  4) 	 0.000000 	 0.000000 	 0.000000 	 0.000000 
( 0,  5) 	 0.000000 	 0.000000 	 7.035986 	 0.000000 
( 0,  6) 	 0.000000 	 0.000000 	 8.174730 	 0.000000 
( 0,  7) 	 0.000000 	 1.117924 	 9.584962 	 0.000000 
( 0,  8) 	 0.000000 	 0.000000 	 0.000000 	 10.990492 
( 0,  9) 	 0.000000 	 0.000000 	 0.000000 	 0.000000 
( 1,  0) 	 0.000000 	 0.000000 	 0.000000 	 0.000000 
( 1,  1) 	 0.000000 	 0.000000 	 1.000034 	 4.539034 
( 1,  2) 	 0.000000 	 0.000000 	 1.135335 	 0.000000 
( 1,  3) 	 0.000000 	 0.000000 	 3.118701 	 0.000000 
( 1,  4) 	 0.000000 	 0.000000 	 3.292777 	 0.000000 
( 1,  5) 	 0.000000 	 6.021611 	 0.000000 	 0.000000 
( 1,  6) 	 0.000000 	 0.000000 	 0.000000 	 0.000000 
( 1,  7) 	 0.000000 	 0.000000 	 6.283969 	 0.000000 
( 1,  8) 	 0.000000 	 0.000000 	 0.000000 	 0.000000 
( 1,  9) 	 5.878198 	 0.000000 	 0.000000 	 0.000000 
( 2,  0) 	 0.000000 	 0.000000 	 0.000000 	 0.013903 
( 2,  1) 	 -0.122406 	 0.000000 	 0.000000 	 4.595986 
( 2,  2) 	 0.000000 	 0.000000 	 0.000000 	 0.000000 
( 2,  3) 	 0.000000 	 -0.632854 	 0.271677 	 0.000000 
( 2,  4) 	 -0.024451 	 0.000000 	 0.522009 	 0.000000 
( 2,  5) 	 0.000000 	 2.866284 	 -0.499933 	 0.000000 
( 2,  6) 	 0.000000 	 0.000000 	 0.000000 	 0.000000 
( 2,  7) 	 0.000000 	 1.812716 	 10.087252 	 0.000000 
( 2,  8) 	 0.000000 	 16.372135 	 0.000000 	 0.000000 
( 2,  9) 	 0.000000 	 1.148936 	 0.000000 	 0.000000 
( 3,  0) 	 0.000000 	 0.000000 	 0.000000 	 0.135671 
( 3,  1) 	 0.000000 	 0.000000 	 0.000000 	 4.703454 
( 3,  2) 	 0.000000 	 0.000000 	 0.000000 	 0.000000 
( 3,  3) 	 -0.915517 	 -0.512611 	 11.158863 	 0.000000 
( 3,  4) 	 -0.741871 	 0.000369 	 11.935510 	 0.000000 
( 3,  5) 	 -0.600915 	 -0.404610 	 12.723878 	 -0.000000 
( 3,  6) 	 -0.327734 	 -1.614329 	 16.268539 	 0.000000 
( 3,  7) 	 0.000000 	 8.074109 	 11.325110 	 0.000000 
( 3,  8) 	 0.000000 	 12.476441 	 0.000000 	 2.808147 
( 3,  9) 	 0.000000 	 1.271341 	 -0.500000 	 -0.405000 
( 4,  0) 	 0.000000 	 0.000000 	 -0.490942 	 0.000000 
( 4,  1) 	 0.000000 	 0.000000 	 5.159135 	 0.000000 
( 4,  2) 	 0.000000 	 0.000000 	 5.594053 	 0.000000 
( 4,  3) 	 0.000000 	 10.671190 	 0.000000 	 0.000000 
( 4,  4) 	 0.000000 	 0.000000 	 0.000000 	 0.000000 
( 4,  5) 	 1.262663 	 -0.487043 	 6.098659 	 1.973627 
( 4,  6) 	 0.555380 	 11.450183 	 0.000000 	 4.126255 
( 4,  7) 	 0.000000 	 0.000000 	 0.000000 	 0.000000 
( 4,  8) 	 0.000000 	 0.000000 	 0.000000 	 0.000000 
( 4,  9) 	 -0.500000 	 0.727438 	 -0.350592 	 -0.003370 
( 5,  0) 	 -0.500000 	 0.000000 	 0.000000 	 0.369774 
( 5,  1) 	 0.000000 	 0.000000 	 0.000000 	 0.000000 
( 5,  2) 	 0.000000 	 0.000000 	 0.000000 	 0.000000 
( 5,  3) 	 0.000000 	 2.725425 	 -0.025212 	 0.000000 
( 5,  4) 	 0.878198 	 -0.500000 	 1.937694 	 0.000000 
( 5,  5) 	 -0.038428 	 1.943468 	 2.712776 	 -0.941430 
( 5,  6) 	 -0.000135 	 9.724707 	 3.673484 	 -0.002129 
( 5,  7) 	 4.188674 	 1.958210 	 0.702879 	 -0.122406 
( 5,  8) 	 -0.233105 	 -0.845269 	 2.613911 	 -0.265721 
( 5,  9) 	 -0.144818 	 1.852062 	 -0.870605 	 -0.219366 
( 6,  0) 	 -0.905000 	 0.294872 	 -0.750073 	 -0.299734 
( 6,  1) 	 0.000000 	 0.000000 	 0.000000 	 0.000000 
( 6,  2) 	 0.000000 	 0.000000 	 0.756195 	 0.000000 
( 6,  3) 	 0.000000 	 0.000000 	 0.623831 	 0.000000 
( 6,  4) 	 -0.000000 	 3.832706 	 -0.500000 	 0.000000 
( 6,  5) 	 0.000000 	 0.000000 	 0.000000 	 0.000000 
( 6,  6) 	 1.683541 	 12.137807 	 -0.002628 	 0.042324 
( 6,  7) 	 -0.405000 	 1.599750 	 -0.003245 	 -0.622406 
( 6,  8) 	 -0.328050 	 0.024729 	 -0.405000 	 -0.355553 
( 6,  9) 	 -0.287998 	 -0.273212 	 -0.500000 	 -0.000000 
( 7,  0) 	 -0.875000 	 -0.589143 	 -0.476911 	 -0.253040 
( 7,  1) 	 -0.588798 	 -0.492594 	 0.591072 	 0.035256 
( 7,  2) 	 -0.643070 	 0.999765 	 0.029971 	 -0.113931 
( 7,  3) 	 0.000000 	 -0.000000 	 0.037002 	 0.000000 
( 7,  4) 	 -0.000000 	 1.001006 	 0.045683 	 0.000000 
( 7,  5) 	 0.776654 	 -0.500000 	 9.963221 	 0.167696 
( 7,  6) 	 -0.000421 	 11.233643 	 2.249053 	 -0.330635 
( 7,  7) 	 0.000000 	 0.000000 	 0.000000 	 0.000000 
( 7,  8) 	 -0.750000 	 0.086269 	 -0.188955 	 -0.171468 
( 7,  9) 	 -0.000000 	 -0.233278 	 -0.715235 	 -0.265722 
( 8,  0) 	 -0.499482 	 -0.296461 	 -0.124261 	 0.231661 
( 8,  1) 	 -0.303321 	 0.915735 	 5.153209 	 -0.519384 
( 8,  2) 	 -0.144348 	 0.024277 	 5.312885 	 -0.004074 
( 8,  3) 	 0.120237 	 -0.000000 	 -0.500000 	 5.450491 
( 8,  4) 	 0.000000 	 0.000000 	 0.000000 	 0.000000 
( 8,  5) 	 -0.500000 	 7.884020 	 0.035059 	 -0.265721 
( 8,  6) 	 0.033346 	 3.646514 	 -0.218440 	 0.000007 
( 8,  7) 	 -0.258609 	 -0.394160 	 0.466430 	 -0.666453 
( 8,  8) 	 0.377748 	 -0.206858 	 -0.322647 	 -0.405011 
( 8,  9) 	 -0.328062 	 -0.579340 	 -0.500000 	 -0.398330 
( 9,  0) 	 -0.952500 	 0.286002 	 -0.328050 	 -0.500000 
( 9,  1) 	 -0.265721 	 -0.029655 	 -0.405000 	 -0.641215 
( 9,  2) 	 -0.080187 	 -0.003295 	 -0.051473 	 -0.500000 
( 9,  3) 	 -0.063547 	 -0.405000 	 6.178314 	 -0.750000 
( 9,  4) 	 0.000000 	 -0.500000 	 6.692844 	 -0.500000 
( 9,  5) 	 0.000000 	 7.249741 	 -0.588750 	 -0.500000 
( 9,  6) 	 -0.476887 	 0.023358 	 -0.286720 	 -0.750000 
( 9,  7) 	 -0.318622 	 -0.539827 	 0.000000 	 0.000000 
( 9,  8) 	 0.258083 	 -0.000007 	 -1.177595 	 -0.750000 
( 9,  9) 	 -0.953821 	 -0.671765 	 -0.500000 	 -0.500000 
