State 	 Left 	 Up 	 Right 	 Down 
( 0,  0) 	 -0.690000 	 -0.554745 	 1.805657 	 4.065293 
( 0,  1) 	 0.000000 	 0.000000 	 0.000000 	 2.394124 
( 0,  2) 	 0.000000 	 0.000000 	 0.000000 	 0.000000 
( 0,  3) 	 0.000000 	 0.000000 	 0.000000 	 0.000000 
( 0,  4) 	 0.000000 	 0.000000 	 0.000000 	 0.000000 
( 0,  5) 	 0.000000 	 0.000000 	 1.000335 	 0.000000 
( 0,  6) 	 0.000000 	 0.000000 	 1.135335 	 0.000000 
( 0,  7) 	 0.000000 	 0.000000 	 1.135369 	 0.000000 
( 0,  8) 	 0.000000 	 0.000000 	 0.000000 	 5.756430 
( 0,  9) 	 0.000000 	 0.000000 	 0.000000 	 0.000000 
( 1,  0) 	 0.000000 	 0.000000 	 0.000000 	 6.215510 
( 1,  1) 	 0.000000 	 0.000000 	 0.877661 	 0.516233 
( 1,  2) 	 0.000000 	 0.000000 	 1.135335 	 0.000000 
( 1,  3) 	 0.000000 	 0.000000 	 1.135671 	 0.000000 
( 1,  4) 	 0.000000 	 0.000000 	 1.135671 	 0.000000 
( 1,  5) 	 0.000000 	 0.878198 	 0.000000 	 0.000000 
( 1,  6) 	 0.000000 	 0.000000 	 0.000000 	 0.000000 
( 1,  7) 	 0.000000 	 0.000000 	 0.000000 	 0.000000 
( 1,  8) 	 0.000000 	 0.000000 	 0.000000 	 0.000000 
( 1,  9) 	 0.000000 	 0.000000 	 0.000000 	 0.000000 
( 2,  0) 	 -0.471347 	 0.000000 	 0.000000 	 6.379845 
( 2,  1) 	 0.000000 	 0.000000 	 0.000000 	 0.000000 
( 2,  2) 	 0.000000 	 0.000000 	 0.000000 	 0.000000 
( 2,  3) 	 0.000000 	 0.000000 	 0.000000 	 0.000000 
( 2,  4) 	 0.000000 	 0.000000 	 0.000000 	 0.000000 
( 2,  5) 	 -0.000000 	 0.000000 	 0.000000 	 0.000000 
( 2,  6) 	 0.000000 	 0.000000 	 0.000000 	 0.000000 
( 2,  7) 	 0.000000 	 0.000000 	 0.000000 	 0.000000 
( 2,  8) 	 0.000000 	 18.324319 	 13.241705 	 6.135671 
( 2,  9) 	 0.000000 	 0.000000 	 0.000000 	 0.000000 
( 3,  0) 	 0.000000 	 0.000000 	 0.000000 	 6.552910 
( 3,  1) 	 0.000000 	 0.000000 	 0.000000 	 0.000000 
( 3,  2) 	 0.000000 	 0.000000 	 0.000000 	 0.000000 
( 3,  3) 	 0.000000 	 0.000000 	 0.000000 	 -0.122406 
( 3,  4) 	 -0.099149 	 0.000000 	 0.000000 	 0.000000 
( 3,  5) 	 0.000000 	 0.000335 	 0.000000 	 0.000000 
( 3,  6) 	 -0.000000 	 11.625572 	 17.020162 	 6.658819 
( 3,  7) 	 0.000000 	 12.029347 	 17.687034 	 7.770449 
( 3,  8) 	 3.464251 	 18.219299 	 12.442215 	 7.453992 
( 3,  9) 	 3.958820 	 0.000000 	 0.000000 	 0.000000 
( 4,  0) 	 -0.027010 	 0.000000 	 0.000000 	 6.484512 
( 4,  1) 	 0.000000 	 0.000000 	 0.000000 	 0.000000 
( 4,  2) 	 0.000000 	 0.000000 	 0.000000 	 0.627214 
( 4,  3) 	 0.000000 	 0.000000 	 0.000000 	 -0.688102 
( 4,  4) 	 0.000000 	 0.000000 	 0.000000 	 0.000000 
( 4,  5) 	 0.000000 	 0.000000 	 0.000000 	 0.000000 
( 4,  6) 	 0.000000 	 16.236661 	 11.473451 	 4.399755 
( 4,  7) 	 0.000000 	 0.000000 	 0.000000 	 0.000000 
( 4,  8) 	 0.000000 	 0.000000 	 0.000000 	 0.000000 
( 4,  9) 	 0.000000 	 0.000000 	 0.000000 	 0.000000 
( 5,  0) 	 0.000000 	 1.820172 	 4.162866 	 0.638337 
( 5,  1) 	 0.000000 	 1.948501 	 4.674581 	 0.502851 
( 5,  2) 	 0.703829 	 2.197607 	 10.577711 	 5.407711 
( 5,  3) 	 0.000000 	 0.000000 	 10.966585 	 1.433163 
( 5,  4) 	 0.000000 	 1.700714 	 11.271198 	 1.700379 
( 5,  5) 	 0.000000 	 3.484026 	 11.721194 	 5.041526 
( 5,  6) 	 0.000000 	 15.628426 	 10.695351 	 4.183182 
( 5,  7) 	 0.000000 	 0.000000 	 0.000000 	 0.000000 
( 5,  8) 	 0.000000 	 0.000000 	 0.000000 	 0.000000 
( 5,  9) 	 0.000000 	 0.000000 	 0.000000 	 0.000000 
( 6,  0) 	 0.000000 	 1.713636 	 0.000000 	 0.000000 
( 6,  1) 	 0.000000 	 0.000000 	 0.000000 	 0.000000 
( 6,  2) 	 -0.253651 	 5.750690 	 2.569450 	 1.934635 
( 6,  3) 	 0.000000 	 0.000000 	 0.000000 	 0.000000 
( 6,  4) 	 0.000000 	 3.235853 	 0.000000 	 0.000000 
( 6,  5) 	 0.000000 	 0.000000 	 0.000000 	 0.000000 
( 6,  6) 	 1.606095 	 10.808943 	 7.295918 	 -0.000151 
( 6,  7) 	 2.190742 	 0.000000 	 0.000000 	 -0.500302 
( 6,  8) 	 0.000000 	 0.000000 	 0.000000 	 0.000000 
( 6,  9) 	 0.000000 	 0.000000 	 0.000000 	 0.000000 
( 7,  0) 	 0.000000 	 1.135335 	 0.000000 	 0.000000 
( 7,  1) 	 0.000000 	 0.000000 	 1.524310 	 0.000000 
( 7,  2) 	 0.000000 	 3.407594 	 2.781967 	 2.323392 
( 7,  3) 	 0.000000 	 0.000000 	 0.709901 	 -0.000000 
( 7,  4) 	 -0.000302 	 2.732391 	 0.000335 	 -0.500000 
( 7,  5) 	 0.999576 	 6.122389 	 8.847644 	 2.814541 
( 7,  6) 	 0.000000 	 9.826098 	 7.460015 	 0.000000 
( 7,  7) 	 0.000000 	 0.000000 	 0.000000 	 0.000000 
( 7,  8) 	 0.000000 	 0.000000 	 0.000000 	 0.000000 
( 7,  9) 	 0.000000 	 0.000000 	 0.000000 	 0.000000 
( 8,  0) 	 0.000000 	 0.999396 	 0.000000 	 0.000000 
( 8,  1) 	 1.000000 	 1.271375 	 4.625901 	 0.000000 
( 8,  2) 	 0.697616 	 2.541146 	 4.862034 	 0.000000 
( 8,  3) 	 0.000000 	 2.811997 	 -0.500000 	 4.599781 
( 8,  4) 	 0.000000 	 0.000000 	 0.000000 	 0.000000 
( 8,  5) 	 -0.500154 	 8.988104 	 0.000000 	 0.000000 
( 8,  6) 	 0.000000 	 0.000000 	 0.000000 	 0.000000 
( 8,  7) 	 0.000000 	 0.000000 	 0.000000 	 0.000000 
( 8,  8) 	 0.000000 	 0.000000 	 0.000000 	 0.000000 
( 8,  9) 	 0.000000 	 0.000000 	 0.000000 	 0.000000 
( 9,  0) 	 0.000000 	 0.000000 	 0.000000 	 0.000000 
( 9,  1) 	 0.000000 	 0.000000 	 0.000000 	 0.000000 
( 9,  2) 	 0.000000 	 0.000000 	 0.000000 	 0.000000 
( 9,  3) 	 0.000000 	 3.025272 	 5.144014 	 0.000000 
( 9,  4) 	 0.000000 	 3.053578 	 5.444748 	 0.000000 
( 9,  5) 	 0.000000 	 8.322131 	 0.000000 	 1.098501 
( 9,  6) 	 0.000000 	 0.000000 	 0.000000 	 0.000000 
( 9,  7) 	 0.000000 	 0.000000 	 0.000000 	 0.000000 
( 9,  8) 	 0.000000 	 0.000000 	 0.000000 	 0.000000 
( 9,  9) 	 0.000000 	 0.000000 	 0.000000 	 0.000000 
