State 	 Left 	 Up 	 Right 	 Down 
( 0,  0) 	 0.000000 	 0.000000 	 2.620625 	 5.750129 
( 0,  1) 	 0.000000 	 0.000000 	 0.000000 	 6.295975 
( 0,  2) 	 0.000000 	 0.000000 	 0.000000 	 0.000000 
( 0,  3) 	 0.000000 	 0.000000 	 0.000000 	 0.000000 
( 0,  4) 	 0.000000 	 0.000000 	 3.353682 	 0.000000 
( 0,  5) 	 -0.244207 	 -1.046997 	 12.138389 	 0.000000 
( 0,  6) 	 0.000000 	 0.000000 	 12.996125 	 0.000000 
( 0,  7) 	 0.000000 	 0.000000 	 11.301509 	 2.818869 
( 0,  8) 	 0.000000 	 0.000000 	 0.000000 	 11.722444 
( 0,  9) 	 0.000000 	 0.000000 	 0.000000 	 0.000000 
( 1,  0) 	 0.873960 	 0.000000 	 6.390463 	 0.000000 
( 1,  1) 	 -0.760879 	 0.000000 	 6.693925 	 2.103405 
( 1,  2) 	 -0.628896 	 0.000000 	 7.175987 	 0.000000 
( 1,  3) 	 0.000000 	 0.000000 	 7.712804 	 0.000000 
( 1,  4) 	 0.000000 	 0.000000 	 8.040249 	 0.000000 
( 1,  5) 	 0.000000 	 11.992470 	 0.000000 	 0.000000 
( 1,  6) 	 0.000000 	 0.000000 	 0.000000 	 0.000000 
( 1,  7) 	 0.000000 	 0.000000 	 10.021844 	 0.000000 
( 1,  8) 	 0.000000 	 0.000000 	 0.000000 	 0.000000 
( 1,  9) 	 12.700527 	 0.000000 	 0.000000 	 0.000000 
( 2,  0) 	 0.000000 	 0.000000 	 0.000000 	 0.000000 
( 2,  1) 	 0.000000 	 0.000000 	 0.000000 	 5.540599 
( 2,  2) 	 0.000000 	 0.000000 	 0.000000 	 0.000000 
( 2,  3) 	 0.000000 	 0.000000 	 0.000000 	 0.000000 
( 2,  4) 	 0.000000 	 0.000000 	 0.000000 	 0.000000 
( 2,  5) 	 0.000000 	 3.980683 	 0.000000 	 0.000000 
( 2,  6) 	 0.000000 	 0.000000 	 0.000000 	 0.000000 
( 2,  7) 	 0.000000 	 1.284003 	 0.000000 	 0.000000 
( 2,  8) 	 0.000000 	 14.628549 	 0.000000 	 0.000000 
( 2,  9) 	 0.000000 	 13.474328 	 0.000000 	 3.460493 
( 3,  0) 	 0.000000 	 0.000000 	 0.000000 	 0.000000 
( 3,  1) 	 0.000000 	 0.000000 	 0.000000 	 5.160726 
( 3,  2) 	 0.000000 	 0.000000 	 0.000000 	 0.000000 
( 3,  3) 	 0.000000 	 0.000000 	 5.351725 	 0.000000 
( 3,  4) 	 0.000000 	 0.000000 	 5.570171 	 0.000000 
( 3,  5) 	 0.000000 	 0.891866 	 9.216126 	 0.000000 
( 3,  6) 	 0.000000 	 2.888095 	 14.049271 	 0.000000 
( 3,  7) 	 0.000000 	 1.272012 	 12.552084 	 0.000000 
( 3,  8) 	 0.000000 	 13.670094 	 0.000000 	 0.000000 
( 3,  9) 	 0.000000 	 14.206255 	 0.000000 	 0.000000 
( 4,  0) 	 0.000000 	 0.000000 	 0.000000 	 0.000000 
( 4,  1) 	 0.000000 	 0.000000 	 4.722410 	 0.000000 
( 4,  2) 	 0.000000 	 0.000000 	 7.534773 	 0.000000 
( 4,  3) 	 0.000000 	 5.391115 	 0.000000 	 0.878198 
( 4,  4) 	 0.000000 	 0.000000 	 0.000000 	 0.000000 
( 4,  5) 	 0.000000 	 1.847851 	 0.000000 	 0.000000 
( 4,  6) 	 0.000000 	 9.930552 	 0.000000 	 0.000000 
( 4,  7) 	 0.000000 	 0.000000 	 0.000000 	 0.000000 
( 4,  8) 	 0.000000 	 0.000000 	 0.000000 	 0.000000 
( 4,  9) 	 0.000000 	 13.854784 	 0.000000 	 0.000000 
( 5,  0) 	 0.000000 	 0.000000 	 0.000000 	 0.000000 
( 5,  1) 	 0.000000 	 0.000000 	 0.000000 	 0.000000 
( 5,  2) 	 0.000000 	 0.624803 	 0.000000 	 0.000000 
( 5,  3) 	 0.000000 	 0.000000 	 0.000000 	 1.135033 
( 5,  4) 	 0.000000 	 0.000000 	 1.000034 	 0.000000 
( 5,  5) 	 0.000000 	 1.136342 	 0.000000 	 0.000000 
( 5,  6) 	 0.000000 	 9.444194 	 0.000000 	 1.948321 
( 5,  7) 	 0.000000 	 0.000000 	 0.000000 	 0.000000 
( 5,  8) 	 0.000000 	 0.000000 	 0.000000 	 0.000000 
( 5,  9) 	 0.000000 	 13.437464 	 0.000000 	 0.000000 
( 6,  0) 	 0.000000 	 0.000000 	 0.000000 	 0.000000 
( 6,  1) 	 0.000000 	 0.000000 	 0.000000 	 0.000000 
( 6,  2) 	 0.000000 	 1.013601 	 0.000000 	 0.000000 
( 6,  3) 	 0.000000 	 0.000000 	 0.000000 	 0.892101 
( 6,  4) 	 0.000000 	 1.135671 	 0.000000 	 0.000000 
( 6,  5) 	 0.000000 	 0.000000 	 0.000000 	 0.000000 
( 6,  6) 	 0.000000 	 8.538250 	 0.878869 	 2.136316 
( 6,  7) 	 0.000000 	 0.000000 	 1.135335 	 0.000000 
( 6,  8) 	 0.000000 	 0.000000 	 4.318020 	 0.000000 
( 6,  9) 	 0.000000 	 12.881833 	 0.000000 	 0.000000 
( 7,  0) 	 0.000000 	 0.000000 	 0.000000 	 0.000000 
( 7,  1) 	 0.000000 	 0.000000 	 0.000000 	 -0.150986 
( 7,  2) 	 0.000000 	 1.135671 	 0.000000 	 0.000000 
( 7,  3) 	 0.000000 	 0.000000 	 0.428616 	 0.000000 
( 7,  4) 	 0.000000 	 1.000034 	 3.511155 	 0.000000 
( 7,  5) 	 0.999698 	 0.000000 	 9.486253 	 0.000000 
( 7,  6) 	 0.000000 	 9.364835 	 0.000000 	 0.000000 
( 7,  7) 	 0.000000 	 0.000000 	 0.000000 	 0.000000 
( 7,  8) 	 0.000000 	 0.000000 	 0.000000 	 0.000000 
( 7,  9) 	 0.000000 	 8.759632 	 0.000000 	 0.000000 
( 8,  0) 	 0.000000 	 0.000000 	 0.000000 	 0.000000 
( 8,  1) 	 0.000000 	 -0.122104 	 5.798796 	 0.000000 
( 8,  2) 	 0.000000 	 0.877896 	 4.289044 	 0.000000 
( 8,  3) 	 0.000000 	 0.000000 	 0.000000 	 3.994819 
( 8,  4) 	 0.000000 	 0.000000 	 0.000000 	 0.000000 
( 8,  5) 	 0.000000 	 0.000000 	 0.000000 	 0.000000 
( 8,  6) 	 0.000000 	 0.000000 	 0.000000 	 0.000000 
( 8,  7) 	 0.000000 	 0.000000 	 0.000000 	 0.000000 
( 8,  8) 	 0.000000 	 0.000000 	 0.000000 	 0.000000 
( 8,  9) 	 0.000000 	 8.013277 	 0.000000 	 0.000000 
( 9,  0) 	 0.000000 	 0.000000 	 0.000000 	 0.000000 
( 9,  1) 	 0.000000 	 0.000000 	 0.000000 	 0.000000 
( 9,  2) 	 0.000000 	 0.000000 	 0.000000 	 0.000000 
( 9,  3) 	 0.000000 	 0.000000 	 4.537080 	 0.000000 
( 9,  4) 	 0.000000 	 -0.224099 	 5.118569 	 0.000000 
( 9,  5) 	 0.000000 	 0.000000 	 5.462306 	 0.000000 
( 9,  6) 	 0.000000 	 0.000000 	 5.849782 	 0.000000 
( 9,  7) 	 0.000000 	 0.000000 	 6.289768 	 0.000000 
( 9,  8) 	 0.000000 	 0.000000 	 6.520272 	 0.000000 
( 9,  9) 	 0.000000 	 7.090933 	 0.000000 	 0.000000 
