State 	 Left 	 Up 	 Right 	 Down 
( 0,  0) 	 0.000000 	 0.000000 	 2.620625 	 6.392358 
( 0,  1) 	 0.000000 	 0.000000 	 0.000000 	 6.295975 
( 0,  2) 	 0.000000 	 0.000000 	 0.000000 	 0.000000 
( 0,  3) 	 0.000000 	 0.000000 	 0.000000 	 0.000000 
( 0,  4) 	 0.000000 	 0.000000 	 3.353682 	 0.000000 
( 0,  5) 	 -0.244207 	 -1.046997 	 14.649586 	 0.000000 
( 0,  6) 	 0.000000 	 0.000000 	 15.258381 	 0.000000 
( 0,  7) 	 0.000000 	 0.000000 	 13.468621 	 5.131590 
( 0,  8) 	 0.000000 	 0.000000 	 0.000000 	 12.656716 
( 0,  9) 	 0.000000 	 0.000000 	 0.000000 	 0.000000 
( 1,  0) 	 0.873960 	 0.000000 	 7.124244 	 0.000000 
( 1,  1) 	 -0.760879 	 0.000000 	 7.378818 	 2.103405 
( 1,  2) 	 -0.628896 	 0.000000 	 7.955432 	 0.000000 
( 1,  3) 	 0.000000 	 0.000000 	 8.603153 	 0.000000 
( 1,  4) 	 0.000000 	 0.000000 	 9.059483 	 0.000000 
( 1,  5) 	 0.000000 	 14.835726 	 0.000000 	 0.524694 
( 1,  6) 	 0.000000 	 0.000000 	 0.000000 	 0.000000 
( 1,  7) 	 0.000000 	 0.000000 	 12.966571 	 0.000000 
( 1,  8) 	 0.000000 	 0.000000 	 0.000000 	 0.000000 
( 1,  9) 	 15.455743 	 0.000000 	 0.000000 	 0.000000 
( 2,  0) 	 0.000000 	 0.000000 	 0.000000 	 0.000000 
( 2,  1) 	 0.000000 	 0.000000 	 0.000000 	 5.540599 
( 2,  2) 	 0.000000 	 0.000000 	 0.000000 	 0.000000 
( 2,  3) 	 0.000000 	 0.000000 	 0.000000 	 0.000000 
( 2,  4) 	 0.000000 	 0.000000 	 0.000000 	 0.000000 
( 2,  5) 	 0.000000 	 11.263124 	 0.000000 	 0.000000 
( 2,  6) 	 0.000000 	 0.000000 	 0.000000 	 0.000000 
( 2,  7) 	 0.000000 	 6.344495 	 0.000000 	 0.000000 
( 2,  8) 	 -0.688409 	 15.198426 	 3.816794 	 0.000000 
( 2,  9) 	 0.000000 	 15.871957 	 0.000000 	 3.460493 
( 3,  0) 	 0.000000 	 0.000000 	 0.000000 	 0.000000 
( 3,  1) 	 0.000000 	 0.000000 	 0.000000 	 5.160726 
( 3,  2) 	 0.000000 	 0.000000 	 0.000000 	 0.000000 
( 3,  3) 	 0.000000 	 0.000000 	 5.351725 	 0.000000 
( 3,  4) 	 0.000000 	 0.000000 	 5.570171 	 0.000000 
( 3,  5) 	 0.000000 	 4.301375 	 9.216126 	 0.000000 
( 3,  6) 	 0.000000 	 2.888095 	 15.939819 	 0.000000 
( 3,  7) 	 0.000000 	 1.272012 	 14.921131 	 0.000000 
( 3,  8) 	 0.000000 	 17.184089 	 0.000000 	 0.000000 
( 3,  9) 	 0.000000 	 15.841890 	 0.000000 	 0.000000 
( 4,  0) 	 0.000000 	 0.000000 	 0.000000 	 0.000000 
( 4,  1) 	 0.000000 	 0.000000 	 4.722410 	 0.000000 
( 4,  2) 	 0.000000 	 0.000000 	 7.534773 	 0.000000 
( 4,  3) 	 0.000000 	 5.391115 	 0.000000 	 0.878198 
( 4,  4) 	 0.000000 	 0.000000 	 0.000000 	 0.000000 
( 4,  5) 	 0.000000 	 7.965351 	 0.000000 	 0.000000 
( 4,  6) 	 0.000000 	 10.474051 	 0.000000 	 0.000000 
( 4,  7) 	 0.000000 	 0.000000 	 0.000000 	 0.000000 
( 4,  8) 	 0.000000 	 0.000000 	 0.000000 	 0.000000 
( 4,  9) 	 0.000000 	 14.611721 	 0.000000 	 0.000000 
( 5,  0) 	 0.000000 	 0.000000 	 0.000000 	 0.000000 
( 5,  1) 	 0.000000 	 0.000000 	 0.000000 	 0.000000 
( 5,  2) 	 0.000000 	 0.624803 	 0.000000 	 0.000000 
( 5,  3) 	 0.000000 	 0.000000 	 0.564656 	 1.135033 
( 5,  4) 	 0.000000 	 0.000000 	 6.945630 	 0.000000 
( 5,  5) 	 0.000000 	 7.238477 	 0.000000 	 0.000000 
( 5,  6) 	 0.000000 	 9.805740 	 0.000000 	 1.948321 
( 5,  7) 	 0.000000 	 0.000000 	 0.000000 	 0.000000 
( 5,  8) 	 0.000000 	 0.000000 	 0.000000 	 0.000000 
( 5,  9) 	 0.000000 	 13.993815 	 0.000000 	 0.000000 
( 6,  0) 	 0.000000 	 0.000000 	 0.000000 	 0.000000 
( 6,  1) 	 0.000000 	 0.000000 	 0.000000 	 0.000000 
( 6,  2) 	 0.000000 	 1.013601 	 0.000000 	 0.000000 
( 6,  3) 	 0.000000 	 0.775180 	 0.000000 	 0.892101 
( 6,  4) 	 0.000000 	 1.135671 	 0.000000 	 0.000000 
( 6,  5) 	 0.000000 	 0.000000 	 0.000000 	 0.000000 
( 6,  6) 	 0.000000 	 9.119544 	 1.821607 	 2.136316 
( 6,  7) 	 0.000000 	 0.000000 	 8.592106 	 0.000000 
( 6,  8) 	 0.000000 	 0.000000 	 10.268058 	 0.000000 
( 6,  9) 	 0.000000 	 12.924263 	 0.000000 	 0.000000 
( 7,  0) 	 0.000000 	 0.000000 	 0.000000 	 0.000000 
( 7,  1) 	 0.000000 	 0.000000 	 0.000000 	 -0.150986 
( 7,  2) 	 0.000000 	 1.135671 	 0.000000 	 0.000000 
( 7,  3) 	 0.000000 	 0.786052 	 0.428616 	 0.000000 
( 7,  4) 	 0.000000 	 1.000034 	 3.511155 	 0.000000 
( 7,  5) 	 0.999698 	 0.000000 	 10.287271 	 0.000000 
( 7,  6) 	 0.000000 	 11.606898 	 0.000000 	 -0.365707 
( 7,  7) 	 0.000000 	 0.000000 	 0.000000 	 0.000000 
( 7,  8) 	 0.000000 	 0.000000 	 0.000000 	 0.000000 
( 7,  9) 	 0.000000 	 8.284040 	 0.000000 	 0.000000 
( 8,  0) 	 0.000000 	 0.000000 	 0.000000 	 0.000000 
( 8,  1) 	 0.000000 	 -0.122104 	 8.560636 	 0.000000 
( 8,  2) 	 0.000000 	 0.877896 	 7.074928 	 0.000000 
( 8,  3) 	 0.000000 	 0.305270 	 0.000000 	 4.569637 
( 8,  4) 	 0.000000 	 0.000000 	 0.000000 	 0.000000 
( 8,  5) 	 0.000000 	 0.000000 	 0.000000 	 0.000000 
( 8,  6) 	 0.000000 	 4.393418 	 0.000000 	 0.000000 
( 8,  7) 	 0.000000 	 0.000000 	 1.558414 	 0.000000 
( 8,  8) 	 1.144852 	 0.000000 	 0.000000 	 1.821980 
( 8,  9) 	 0.000000 	 7.264024 	 0.000000 	 0.000000 
( 9,  0) 	 0.000000 	 0.000000 	 0.000000 	 0.000000 
( 9,  1) 	 0.000000 	 0.000000 	 0.000000 	 0.000000 
( 9,  2) 	 0.000000 	 0.000000 	 0.000000 	 0.000000 
( 9,  3) 	 0.000000 	 0.000000 	 5.114679 	 0.000000 
( 9,  4) 	 1.308825 	 -0.224099 	 5.672734 	 0.682166 
( 9,  5) 	 0.000000 	 0.000000 	 6.083835 	 0.000000 
( 9,  6) 	 0.000000 	 0.776439 	 5.773466 	 0.000000 
( 9,  7) 	 0.000000 	 0.000000 	 6.122317 	 0.000000 
( 9,  8) 	 0.000000 	 0.135671 	 6.126812 	 0.000000 
( 9,  9) 	 0.000000 	 6.538664 	 0.000000 	 0.000000 
