State 	 Left 	 Up 	 Right 	 Down 
( 0,  0) 	 0.000000 	 0.000000 	 2.767646 	 0.000000 
( 0,  1) 	 -0.794315 	 0.000000 	 0.000000 	 3.046548 
( 0,  2) 	 0.000000 	 0.000000 	 0.000000 	 0.000000 
( 0,  3) 	 0.000000 	 0.000000 	 0.000000 	 0.000000 
( 0,  4) 	 0.000000 	 0.000000 	 0.000000 	 0.000000 
( 0,  5) 	 0.000000 	 0.000000 	 6.354379 	 0.000000 
( 0,  6) 	 0.000000 	 0.000000 	 7.493836 	 0.000000 
( 0,  7) 	 0.000000 	 0.000000 	 8.407132 	 0.000000 
( 0,  8) 	 0.000000 	 0.000000 	 0.000000 	 10.408649 
( 0,  9) 	 0.000000 	 0.000000 	 0.000000 	 0.000000 
( 1,  0) 	 0.000000 	 0.000000 	 0.000000 	 0.000000 
( 1,  1) 	 0.000000 	 0.000000 	 3.522491 	 0.135335 
( 1,  2) 	 0.000000 	 0.000000 	 4.152135 	 0.000000 
( 1,  3) 	 0.000000 	 0.000000 	 4.597063 	 0.000000 
( 1,  4) 	 0.000000 	 0.000000 	 4.970321 	 0.000000 
( 1,  5) 	 0.000000 	 5.373787 	 0.000000 	 0.000000 
( 1,  6) 	 0.000000 	 0.000000 	 0.000000 	 0.000000 
( 1,  7) 	 0.000000 	 0.000000 	 0.000000 	 0.000000 
( 1,  8) 	 0.000000 	 0.000000 	 0.000000 	 0.000000 
( 1,  9) 	 0.000000 	 0.000000 	 0.000000 	 0.000000 
( 2,  0) 	 0.000000 	 0.000000 	 0.000000 	 -0.000000 
( 2,  1) 	 0.000000 	 0.000000 	 -0.364329 	 0.000000 
( 2,  2) 	 0.000000 	 0.000000 	 0.000000 	 0.000000 
( 2,  3) 	 0.000000 	 0.000000 	 0.000000 	 0.000000 
( 2,  4) 	 0.000000 	 0.000000 	 0.000000 	 0.000000 
( 2,  5) 	 0.000000 	 0.000000 	 0.000000 	 0.000000 
( 2,  6) 	 0.000000 	 0.000000 	 0.000000 	 0.000000 
( 2,  7) 	 0.000000 	 0.000000 	 0.000000 	 0.000000 
( 2,  8) 	 0.000000 	 0.000000 	 0.000000 	 0.000000 
( 2,  9) 	 0.000000 	 0.000000 	 0.000000 	 0.000000 
( 3,  0) 	 0.000000 	 -0.000000 	 0.000000 	 0.000000 
( 3,  1) 	 0.000000 	 0.000000 	 0.000000 	 0.000000 
( 3,  2) 	 0.000000 	 0.000000 	 0.000000 	 0.000000 
( 3,  3) 	 0.000000 	 0.000000 	 0.000000 	 0.000000 
( 3,  4) 	 0.000000 	 0.000000 	 0.000000 	 0.000000 
( 3,  5) 	 0.000000 	 0.000000 	 0.000000 	 0.000000 
( 3,  6) 	 0.000000 	 0.000000 	 0.000000 	 0.000000 
( 3,  7) 	 0.000000 	 0.000000 	 0.000000 	 0.000000 
( 3,  8) 	 0.000000 	 0.000000 	 0.000000 	 0.000000 
( 3,  9) 	 0.000000 	 0.000000 	 0.000000 	 0.000000 
( 4,  0) 	 0.000000 	 0.000000 	 0.000000 	 0.000000 
( 4,  1) 	 0.000000 	 0.000000 	 0.000000 	 0.000000 
( 4,  2) 	 0.000000 	 0.000000 	 0.000000 	 0.000000 
( 4,  3) 	 0.000000 	 0.000000 	 0.000000 	 0.000000 
( 4,  4) 	 0.000000 	 0.000000 	 0.000000 	 0.000000 
( 4,  5) 	 0.000000 	 0.000000 	 0.000000 	 0.000000 
( 4,  6) 	 0.000000 	 0.000000 	 0.000000 	 0.000000 
( 4,  7) 	 0.000000 	 0.000000 	 0.000000 	 0.000000 
( 4,  8) 	 0.000000 	 0.000000 	 0.000000 	 0.000000 
( 4,  9) 	 0.000000 	 0.000000 	 0.000000 	 0.000000 
( 5,  0) 	 0.000000 	 -0.000000 	 0.000000 	 -0.670721 
( 5,  1) 	 0.000000 	 0.000000 	 0.000000 	 0.000000 
( 5,  2) 	 0.000000 	 0.000000 	 0.000000 	 0.000000 
( 5,  3) 	 0.000000 	 0.000000 	 0.000000 	 0.000000 
( 5,  4) 	 0.000000 	 0.000000 	 0.000000 	 0.000000 
( 5,  5) 	 0.000000 	 0.000000 	 0.000000 	 -0.500000 
( 5,  6) 	 -0.405000 	 0.000000 	 0.000000 	 0.000000 
( 5,  7) 	 -0.000000 	 0.000000 	 0.000000 	 0.000000 
( 5,  8) 	 0.000000 	 -0.500000 	 0.000000 	 0.126748 
( 5,  9) 	 -0.405000 	 0.000000 	 0.000000 	 0.000000 
( 6,  0) 	 -0.940060 	 -0.543284 	 -0.828050 	 -0.405000 
( 6,  1) 	 0.000000 	 0.000000 	 0.000000 	 0.000000 
( 6,  2) 	 0.000000 	 0.000000 	 0.000000 	 0.000000 
( 6,  3) 	 0.000000 	 0.000000 	 0.000000 	 0.000000 
( 6,  4) 	 0.000000 	 0.000000 	 0.000000 	 0.000000 
( 6,  5) 	 0.000000 	 0.000000 	 0.000000 	 0.000000 
( 6,  6) 	 -0.500000 	 -0.000000 	 0.000000 	 -0.000000 
( 6,  7) 	 0.000000 	 0.000000 	 0.083159 	 0.000000 
( 6,  8) 	 0.067359 	 0.102666 	 1.312531 	 -0.202500 
( 6,  9) 	 1.620409 	 -0.000000 	 -0.500000 	 -0.000000 
( 7,  0) 	 -0.500000 	 0.000000 	 0.000000 	 0.000000 
( 7,  1) 	 0.000000 	 0.000000 	 0.000000 	 0.000000 
( 7,  2) 	 -0.000000 	 -0.000000 	 0.000000 	 -0.000000 
( 7,  3) 	 0.000000 	 0.000000 	 0.000000 	 0.000000 
( 7,  4) 	 0.000000 	 0.000000 	 0.000000 	 0.000000 
( 7,  5) 	 0.000000 	 0.000000 	 0.000000 	 0.000000 
( 7,  6) 	 0.000000 	 -0.405000 	 0.000000 	 0.000000 
( 7,  7) 	 0.000000 	 0.000000 	 0.000000 	 0.000000 
( 7,  8) 	 -0.729544 	 0.082013 	 -0.232415 	 -0.109255 
( 7,  9) 	 -0.297695 	 -0.000000 	 -0.500000 	 -0.583333 
( 8,  0) 	 -0.500000 	 0.000000 	 0.000000 	 0.000000 
( 8,  1) 	 -0.405000 	 -0.000000 	 0.000000 	 0.000000 
( 8,  2) 	 -0.000000 	 -0.000000 	 0.000000 	 0.000000 
( 8,  3) 	 0.000000 	 0.000000 	 0.000000 	 0.000000 
( 8,  4) 	 0.000000 	 0.000000 	 0.000000 	 0.000000 
( 8,  5) 	 0.000000 	 -0.000000 	 0.000000 	 0.000000 
( 8,  6) 	 -0.000000 	 0.000000 	 0.000000 	 0.000000 
( 8,  7) 	 -0.000000 	 -0.500000 	 0.000000 	 0.000000 
( 8,  8) 	 -0.000000 	 -0.155915 	 -0.457490 	 -0.281603 
( 8,  9) 	 -0.110881 	 -0.438683 	 -0.722634 	 -0.478005 
( 9,  0) 	 0.000000 	 0.000000 	 0.000000 	 0.000000 
( 9,  1) 	 0.000000 	 0.000000 	 0.000000 	 0.000000 
( 9,  2) 	 0.000000 	 0.000000 	 0.000000 	 0.000000 
( 9,  3) 	 0.000000 	 0.000000 	 0.000000 	 0.000000 
( 9,  4) 	 0.000000 	 0.000000 	 0.000000 	 0.000000 
( 9,  5) 	 0.000000 	 0.000000 	 0.000000 	 -0.500000 
( 9,  6) 	 -0.405000 	 -0.000000 	 0.000000 	 -0.500000 
( 9,  7) 	 -0.405000 	 0.000000 	 -0.038117 	 -0.500000 
( 9,  8) 	 0.000000 	 -0.228098 	 -0.166617 	 -0.500000 
( 9,  9) 	 -0.405000 	 -0.147373 	 -0.500000 	 -0.500000 
