State 	 Left 	 Up 	 Right 	 Down 
( 0,  0) 	 1.070525 	 1.697550 	 7.774755 	 1.013534 
( 0,  1) 	 -0.794315 	 0.000000 	 2.652316 	 6.051822 
( 0,  2) 	 0.000000 	 0.000000 	 0.000000 	 0.000000 
( 0,  3) 	 0.000000 	 0.000000 	 0.000000 	 0.000000 
( 0,  4) 	 0.000000 	 0.000000 	 0.000000 	 0.000000 
( 0,  5) 	 0.000000 	 0.000000 	 14.482856 	 2.915468 
( 0,  6) 	 0.000000 	 3.076963 	 15.517054 	 0.000000 
( 0,  7) 	 0.000000 	 2.261106 	 17.202976 	 0.000000 
( 0,  8) 	 0.000000 	 0.000000 	 9.811738 	 11.735680 
( 0,  9) 	 0.000000 	 0.000000 	 0.000000 	 0.000000 
( 1,  0) 	 0.000000 	 0.000000 	 0.000000 	 1.135671 
( 1,  1) 	 0.000000 	 0.000000 	 11.231133 	 0.135335 
( 1,  2) 	 0.000000 	 0.000000 	 12.052602 	 0.000000 
( 1,  3) 	 0.000000 	 0.000000 	 12.248970 	 0.000000 
( 1,  4) 	 5.658669 	 0.000000 	 12.318390 	 0.000000 
( 1,  5) 	 0.000000 	 8.436527 	 8.335929 	 0.000000 
( 1,  6) 	 0.000000 	 0.000000 	 0.000000 	 0.000000 
( 1,  7) 	 0.000000 	 0.000000 	 17.789330 	 0.000000 
( 1,  8) 	 0.000000 	 0.000000 	 0.000000 	 0.000000 
( 1,  9) 	 8.511887 	 0.000000 	 0.000000 	 0.000000 
( 2,  0) 	 0.000000 	 0.000000 	 1.001342 	 -0.000000 
( 2,  1) 	 0.000000 	 3.614729 	 -0.364329 	 0.000000 
( 2,  2) 	 0.000000 	 0.000000 	 0.000000 	 0.000000 
( 2,  3) 	 2.474216 	 3.671871 	 0.000000 	 0.000000 
( 2,  4) 	 0.000000 	 0.000000 	 0.000000 	 0.000000 
( 2,  5) 	 0.000000 	 4.358134 	 -0.621097 	 0.000000 
( 2,  6) 	 0.000000 	 0.000000 	 0.000000 	 0.000000 
( 2,  7) 	 3.159699 	 10.765293 	 21.827221 	 4.389796 
( 2,  8) 	 0.000000 	 10.212894 	 5.689970 	 0.536500 
( 2,  9) 	 0.000000 	 5.801476 	 0.000000 	 0.000000 
( 3,  0) 	 0.000000 	 -0.000000 	 0.000000 	 0.000000 
( 3,  1) 	 0.000000 	 0.000000 	 0.000000 	 0.000000 
( 3,  2) 	 0.000000 	 0.000000 	 0.000000 	 0.000000 
( 3,  3) 	 0.000000 	 0.135033 	 13.246671 	 0.000000 
( 3,  4) 	 0.000000 	 0.000000 	 13.932980 	 0.000000 
( 3,  5) 	 -0.000190 	 0.833167 	 14.647922 	 -0.000302 
( 3,  6) 	 -0.000906 	 0.717966 	 17.933412 	 2.812708 
( 3,  7) 	 3.345657 	 9.685815 	 18.675154 	 0.000000 
( 3,  8) 	 7.580783 	 8.065516 	 0.000000 	 0.000000 
( 3,  9) 	 0.000000 	 5.107372 	 0.000000 	 0.000000 
( 4,  0) 	 0.000000 	 0.000000 	 0.000000 	 0.000000 
( 4,  1) 	 0.000000 	 0.000000 	 0.000000 	 0.000000 
( 4,  2) 	 0.000000 	 0.000000 	 12.070854 	 0.000000 
( 4,  3) 	 0.000000 	 7.246757 	 7.209671 	 0.000000 
( 4,  4) 	 0.000000 	 0.000000 	 0.000000 	 0.000000 
( 4,  5) 	 -0.390231 	 0.135517 	 0.000000 	 0.000000 
( 4,  6) 	 0.000000 	 6.436687 	 4.585939 	 0.000000 
( 4,  7) 	 0.000000 	 0.000000 	 0.000000 	 0.000000 
( 4,  8) 	 0.000000 	 0.000000 	 0.000000 	 0.000000 
( 4,  9) 	 0.000000 	 4.423304 	 0.000000 	 0.000000 
( 5,  0) 	 0.000000 	 -0.000000 	 0.000000 	 -0.670721 
( 5,  1) 	 0.000000 	 0.000000 	 0.000000 	 0.000000 
( 5,  2) 	 0.000000 	 6.676819 	 6.122551 	 0.000000 
( 5,  3) 	 1.571667 	 0.000000 	 0.000000 	 -0.061354 
( 5,  4) 	 0.000000 	 0.000000 	 0.000000 	 0.000000 
( 5,  5) 	 0.000000 	 0.000000 	 0.000000 	 -0.500000 
( 5,  6) 	 -0.405000 	 6.470285 	 3.497626 	 0.000000 
( 5,  7) 	 -0.000000 	 0.000000 	 0.000000 	 0.000000 
( 5,  8) 	 0.000000 	 -0.500000 	 0.000000 	 0.126748 
( 5,  9) 	 -0.405000 	 4.328448 	 0.000000 	 0.000000 
( 6,  0) 	 -0.940060 	 -0.543284 	 -0.828050 	 -0.405000 
( 6,  1) 	 0.000000 	 0.000000 	 0.000000 	 0.000000 
( 6,  2) 	 0.000000 	 6.535515 	 5.679354 	 0.000000 
( 6,  3) 	 0.000000 	 1.477563 	 0.000000 	 0.000000 
( 6,  4) 	 0.000000 	 0.000000 	 0.000000 	 0.000000 
( 6,  5) 	 0.000000 	 0.000000 	 0.000000 	 0.000000 
( 6,  6) 	 -0.500000 	 6.222600 	 3.185944 	 1.271195 
( 6,  7) 	 0.000000 	 0.000000 	 0.083159 	 0.000000 
( 6,  8) 	 0.067359 	 0.102666 	 3.665145 	 -0.202500 
( 6,  9) 	 1.620409 	 1.356221 	 -0.500000 	 -0.000000 
( 7,  0) 	 -0.500000 	 0.000000 	 0.000000 	 0.000000 
( 7,  1) 	 0.000000 	 0.000000 	 0.000000 	 0.000000 
( 7,  2) 	 -0.000000 	 6.154555 	 5.381548 	 -0.000000 
( 7,  3) 	 1.516806 	 0.000000 	 1.166028 	 0.000000 
( 7,  4) 	 0.000000 	 0.000000 	 1.405130 	 0.000000 
( 7,  5) 	 0.000000 	 1.435372 	 7.721941 	 0.878198 
( 7,  6) 	 0.000000 	 5.702697 	 3.046655 	 0.000000 
( 7,  7) 	 0.000000 	 0.000000 	 0.000000 	 0.000000 
( 7,  8) 	 -0.729544 	 3.696289 	 -0.232415 	 -0.109255 
( 7,  9) 	 -0.297695 	 -0.000000 	 -0.500000 	 -0.583333 
( 8,  0) 	 -0.500000 	 0.000000 	 0.000000 	 0.000000 
( 8,  1) 	 -0.405000 	 -0.000000 	 8.717535 	 -0.000302 
( 8,  2) 	 0.257485 	 5.378079 	 5.131430 	 -0.122104 
( 8,  3) 	 -0.277413 	 1.588708 	 -0.227317 	 -0.247926 
( 8,  4) 	 0.000000 	 0.000000 	 0.000000 	 0.000000 
( 8,  5) 	 0.000000 	 -0.000000 	 1.026497 	 0.000000 
( 8,  6) 	 -0.000000 	 0.000000 	 0.000000 	 0.999732 
( 8,  7) 	 -0.000000 	 -0.500000 	 0.000000 	 0.000000 
( 8,  8) 	 -0.000000 	 2.571183 	 -0.457490 	 -0.281603 
( 8,  9) 	 -0.110881 	 -0.438683 	 -0.722634 	 -0.478005 
( 9,  0) 	 0.000000 	 0.000000 	 0.000000 	 0.000000 
( 9,  1) 	 0.000000 	 0.220266 	 0.000000 	 -0.500000 
( 9,  2) 	 0.000000 	 0.000000 	 0.498659 	 0.000000 
( 9,  3) 	 -0.037899 	 -0.324017 	 -0.306241 	 -0.500000 
( 9,  4) 	 -0.248683 	 -0.378200 	 0.150371 	 0.000000 
( 9,  5) 	 0.000000 	 0.000000 	 0.486678 	 -0.500000 
( 9,  6) 	 -0.405000 	 -0.000000 	 2.387986 	 -0.500000 
( 9,  7) 	 -0.405000 	 0.000000 	 2.108366 	 -0.500000 
( 9,  8) 	 0.000000 	 2.167825 	 -0.166617 	 -0.500000 
( 9,  9) 	 -0.405000 	 -0.147373 	 -0.500000 	 -0.500000 
