State 	 Left 	 Up 	 Right 	 Down 
( 0,  0) 	 0.000000 	 0.000000 	 0.135671 	 2.724954 
( 0,  1) 	 0.000000 	 0.000000 	 -0.363994 	 -0.497669 
( 0,  2) 	 0.000000 	 0.000000 	 0.000000 	 0.000000 
( 0,  3) 	 -1.071377 	 -0.705404 	 0.000000 	 -0.253585 
( 0,  4) 	 -0.990221 	 -0.500000 	 2.544938 	 0.354426 
( 0,  5) 	 -0.405284 	 -0.827820 	 -0.405000 	 3.008240 
( 0,  6) 	 -0.328050 	 -0.500449 	 -0.000386 	 -0.500000 
( 0,  7) 	 -0.000462 	 0.000000 	 0.000000 	 0.000000 
( 0,  8) 	 0.000000 	 0.000000 	 0.000000 	 0.000000 
( 0,  9) 	 0.000000 	 -0.500000 	 0.000000 	 0.000000 
( 1,  0) 	 0.000000 	 -0.216535 	 3.057905 	 0.000000 
( 1,  1) 	 0.000000 	 0.000000 	 3.572549 	 0.000000 
( 1,  2) 	 0.000000 	 0.000000 	 3.829494 	 0.000000 
( 1,  3) 	 0.000000 	 0.000000 	 4.268020 	 0.000000 
( 1,  4) 	 -0.000814 	 2.220625 	 -0.393593 	 -0.511018 
( 1,  5) 	 -0.658132 	 -0.670534 	 0.824621 	 3.958877 
( 1,  6) 	 0.000000 	 0.000000 	 0.000000 	 0.000000 
( 1,  7) 	 5.605543 	 0.000000 	 13.361543 	 0.000000 
( 1,  8) 	 0.000000 	 0.000000 	 1.271006 	 0.000000 
( 1,  9) 	 5.428047 	 0.000000 	 0.000000 	 0.000000 
( 2,  0) 	 0.000000 	 0.000000 	 0.000000 	 0.000000 
( 2,  1) 	 0.000000 	 0.000000 	 0.000000 	 0.000000 
( 2,  2) 	 0.000000 	 0.000000 	 0.000000 	 0.000000 
( 2,  3) 	 0.000000 	 0.000000 	 1.013567 	 0.000000 
( 2,  4) 	 0.000000 	 0.000000 	 2.487035 	 0.000000 
( 2,  5) 	 0.000000 	 0.000000 	 0.000000 	 6.394022 
( 2,  6) 	 0.000000 	 0.000000 	 0.000000 	 0.000000 
( 2,  7) 	 3.894795 	 12.997762 	 5.622174 	 0.000000 
( 2,  8) 	 0.000000 	 9.142454 	 0.000000 	 0.000000 
( 2,  9) 	 4.218400 	 0.000000 	 0.000000 	 0.000000 
( 3,  0) 	 0.000000 	 0.000000 	 0.000000 	 0.000000 
( 3,  1) 	 0.000000 	 0.000000 	 0.000000 	 0.000000 
( 3,  2) 	 0.000000 	 0.000000 	 0.000000 	 0.000000 
( 3,  3) 	 0.000000 	 0.000000 	 0.000000 	 0.000000 
( 3,  4) 	 0.000000 	 0.000000 	 0.000000 	 0.000000 
( 3,  5) 	 0.000000 	 0.000000 	 7.382298 	 0.000000 
( 3,  6) 	 0.000000 	 4.251008 	 12.654725 	 0.000000 
( 3,  7) 	 0.000000 	 13.212745 	 5.666137 	 0.000000 
( 3,  8) 	 0.000000 	 0.000000 	 0.000000 	 0.000000 
( 3,  9) 	 0.000000 	 0.000000 	 0.000000 	 0.000000 
( 4,  0) 	 0.000000 	 0.000000 	 0.000000 	 0.000000 
( 4,  1) 	 0.000000 	 0.000000 	 0.000000 	 0.000000 
( 4,  2) 	 0.000000 	 0.000000 	 0.000000 	 0.000000 
( 4,  3) 	 0.000000 	 0.000000 	 0.000000 	 0.000000 
( 4,  4) 	 0.000000 	 0.000000 	 0.000000 	 0.000000 
( 4,  5) 	 0.000000 	 0.000000 	 0.000000 	 0.000000 
( 4,  6) 	 0.000000 	 12.379252 	 0.000000 	 0.000000 
( 4,  7) 	 0.000000 	 0.000000 	 0.000000 	 0.000000 
( 4,  8) 	 0.000000 	 0.000000 	 0.000000 	 0.000000 
( 4,  9) 	 0.000000 	 0.000000 	 0.000000 	 0.000000 
( 5,  0) 	 0.000000 	 0.000000 	 0.000000 	 0.000000 
( 5,  1) 	 0.000000 	 0.000000 	 0.000000 	 0.000000 
( 5,  2) 	 0.000000 	 0.000000 	 0.000000 	 0.000000 
( 5,  3) 	 0.000000 	 0.000000 	 0.000000 	 0.000000 
( 5,  4) 	 0.000000 	 0.000000 	 0.000000 	 0.000000 
( 5,  5) 	 0.000000 	 0.000000 	 0.000000 	 0.000000 
( 5,  6) 	 0.000000 	 12.079778 	 0.000671 	 0.000000 
( 5,  7) 	 0.000000 	 -0.227468 	 3.020972 	 0.000000 
( 5,  8) 	 0.000580 	 0.000000 	 0.000000 	 3.728430 
( 5,  9) 	 0.000000 	 0.000000 	 0.000000 	 0.000000 
( 6,  0) 	 0.000000 	 0.000000 	 0.000000 	 0.000000 
( 6,  1) 	 0.000000 	 0.000000 	 0.000000 	 0.000000 
( 6,  2) 	 0.000000 	 0.000000 	 0.000000 	 0.000000 
( 6,  3) 	 0.000000 	 0.000000 	 0.000000 	 0.000000 
( 6,  4) 	 0.000000 	 0.000000 	 0.000000 	 0.000000 
( 6,  5) 	 0.000000 	 0.000000 	 0.000000 	 0.000000 
( 6,  6) 	 0.000000 	 11.560129 	 0.000000 	 0.000000 
( 6,  7) 	 3.971241 	 2.255031 	 0.000000 	 0.000000 
( 6,  8) 	 4.602788 	 0.000000 	 0.000000 	 0.001422 
( 6,  9) 	 0.033645 	 0.000000 	 0.000000 	 -0.000000 
( 7,  0) 	 0.000000 	 0.000000 	 0.000000 	 0.000000 
( 7,  1) 	 0.000000 	 -0.500000 	 -0.210065 	 0.000000 
( 7,  2) 	 -0.341520 	 0.000000 	 0.000000 	 -0.511203 
( 7,  3) 	 0.000000 	 0.000000 	 6.258277 	 0.000000 
( 7,  4) 	 0.000000 	 0.000000 	 7.578890 	 0.000000 
( 7,  5) 	 0.000000 	 0.000000 	 10.354835 	 0.000000 
( 7,  6) 	 0.000000 	 11.108635 	 0.000000 	 0.000000 
( 7,  7) 	 0.000000 	 0.000000 	 0.000000 	 0.000000 
( 7,  8) 	 0.000000 	 0.002729 	 0.000000 	 -0.000000 
( 7,  9) 	 0.000000 	 0.027253 	 0.000000 	 0.000000 
( 8,  0) 	 0.000000 	 0.000000 	 0.000000 	 0.000000 
( 8,  1) 	 0.000000 	 -0.122070 	 4.192408 	 0.000000 
( 8,  2) 	 0.000000 	 0.000000 	 5.180097 	 0.000000 
( 8,  3) 	 0.000000 	 5.435127 	 0.000000 	 0.000000 
( 8,  4) 	 0.000000 	 0.000000 	 0.000000 	 0.000000 
( 8,  5) 	 0.000000 	 0.000000 	 0.000000 	 0.000000 
( 8,  6) 	 0.000000 	 0.000000 	 0.000000 	 0.000000 
( 8,  7) 	 0.000000 	 0.000000 	 0.000000 	 0.000000 
( 8,  8) 	 0.000000 	 0.000000 	 0.000000 	 -0.000000 
( 8,  9) 	 0.000000 	 0.000000 	 0.000000 	 0.000000 
( 9,  0) 	 0.000000 	 0.000000 	 0.000000 	 0.000000 
( 9,  1) 	 0.000000 	 0.000000 	 0.000000 	 0.000000 
( 9,  2) 	 0.000000 	 0.000000 	 0.000000 	 0.000000 
( 9,  3) 	 0.000000 	 0.000000 	 0.000000 	 0.000000 
( 9,  4) 	 0.000000 	 0.000000 	 0.000000 	 0.000000 
( 9,  5) 	 0.000000 	 0.000000 	 0.000000 	 0.000000 
( 9,  6) 	 0.000000 	 0.000000 	 0.000000 	 0.000000 
( 9,  7) 	 0.000000 	 0.000000 	 0.000000 	 0.000000 
( 9,  8) 	 0.000000 	 -0.000000 	 0.000000 	 0.000000 
( 9,  9) 	 0.000000 	 0.000000 	 0.000000 	 0.000000 
