State 	 Left 	 Up 	 Right 	 Down 
( 0,  0) 	 0.000000 	 0.000000 	 2.155728 	 9.409355 
( 0,  1) 	 1.628513 	 0.000000 	 0.000000 	 2.046440 
( 0,  2) 	 0.000000 	 0.000000 	 0.000000 	 0.000000 
( 0,  3) 	 0.000000 	 0.000000 	 9.360012 	 3.642881 
( 0,  4) 	 0.000000 	 0.000000 	 12.183550 	 3.312115 
( 0,  5) 	 0.000000 	 0.000000 	 6.785789 	 10.730565 
( 0,  6) 	 2.110824 	 0.000000 	 0.000000 	 0.000000 
( 0,  7) 	 1.586154 	 0.000000 	 0.000000 	 0.000000 
( 0,  8) 	 0.000000 	 0.000000 	 0.000000 	 0.000000 
( 0,  9) 	 0.000000 	 0.000000 	 0.000000 	 0.000000 
( 1,  0) 	 -0.871880 	 2.714078 	 0.000000 	 7.923431 
( 1,  1) 	 0.000000 	 0.000000 	 7.617082 	 3.044370 
( 1,  2) 	 0.000000 	 0.000000 	 8.244333 	 2.664407 
( 1,  3) 	 -0.093000 	 6.054644 	 2.928761 	 2.854366 
( 1,  4) 	 0.000000 	 3.290014 	 3.207694 	 0.000000 
( 1,  5) 	 0.000000 	 0.000000 	 7.001139 	 11.661300 
( 1,  6) 	 0.000000 	 0.000000 	 0.000000 	 0.000000 
( 1,  7) 	 0.000000 	 6.419070 	 18.138855 	 6.013030 
( 1,  8) 	 0.000000 	 0.000000 	 0.000000 	 0.000000 
( 1,  9) 	 10.073543 	 0.000000 	 0.000000 	 0.000000 
( 2,  0) 	 0.000000 	 1.097723 	 0.000000 	 7.124431 
( 2,  1) 	 0.000000 	 5.015377 	 0.000000 	 2.773977 
( 2,  2) 	 0.000000 	 0.000000 	 0.000000 	 0.000000 
( 2,  3) 	 0.844076 	 1.659726 	 4.519740 	 0.000000 
( 2,  4) 	 2.198419 	 4.326817 	 0.000000 	 0.000000 
( 2,  5) 	 0.000000 	 0.000000 	 7.374627 	 11.988871 
( 2,  6) 	 0.000000 	 0.000000 	 0.000000 	 0.000000 
( 2,  7) 	 3.320488 	 15.704312 	 9.357586 	 7.039754 
( 2,  8) 	 0.000000 	 0.000000 	 7.200972 	 0.000000 
( 2,  9) 	 0.000000 	 7.903029 	 0.000000 	 0.000000 
( 3,  0) 	 0.000000 	 0.000000 	 4.198358 	 2.466398 
( 3,  1) 	 0.000000 	 4.726956 	 0.000000 	 2.353224 
( 3,  2) 	 0.000000 	 0.000000 	 0.000000 	 0.000000 
( 3,  3) 	 -0.500302 	 2.922196 	 0.349676 	 -0.000877 
( 3,  4) 	 0.282815 	 0.431450 	 0.000000 	 0.000000 
( 3,  5) 	 0.000000 	 0.000000 	 15.454581 	 4.825334 
( 3,  6) 	 2.441703 	 5.111303 	 20.158491 	 7.777518 
( 3,  7) 	 3.520999 	 17.673141 	 8.910930 	 4.851649 
( 3,  8) 	 0.000000 	 4.973960 	 0.000000 	 0.000000 
( 3,  9) 	 0.000000 	 0.000000 	 0.000000 	 0.000000 
( 4,  0) 	 0.000000 	 0.000000 	 0.000000 	 0.136040 
( 4,  1) 	 0.000000 	 0.000000 	 0.000335 	 0.000000 
( 4,  2) 	 -0.000030 	 -0.499966 	 0.082068 	 -0.000000 
( 4,  3) 	 -0.202637 	 3.273127 	 -1.996916 	 -0.197240 
( 4,  4) 	 0.000000 	 0.000000 	 0.000000 	 0.000000 
( 4,  5) 	 0.000000 	 0.000000 	 0.000000 	 3.245215 
( 4,  6) 	 0.000000 	 13.158410 	 0.000000 	 0.000000 
( 4,  7) 	 0.000000 	 0.000000 	 0.000000 	 0.000000 
( 4,  8) 	 0.000000 	 0.000000 	 0.000000 	 0.000000 
( 4,  9) 	 -0.500000 	 0.000000 	 -0.500604 	 -0.000000 
( 5,  0) 	 0.000000 	 0.000000 	 0.000000 	 0.000335 
( 5,  1) 	 0.000000 	 0.000000 	 0.000000 	 0.000000 
( 5,  2) 	 0.000000 	 -0.000000 	 1.873258 	 -0.000000 
( 5,  3) 	 -0.000000 	 2.093171 	 -0.063837 	 -0.226377 
( 5,  4) 	 -0.476157 	 -0.748994 	 -0.000604 	 0.252494 
( 5,  5) 	 0.000000 	 0.000000 	 4.983285 	 0.000000 
( 5,  6) 	 0.000000 	 13.096226 	 0.000000 	 0.000000 
( 5,  7) 	 2.792774 	 0.000000 	 0.000000 	 0.000000 
( 5,  8) 	 0.000000 	 0.000000 	 0.000000 	 0.000000 
( 5,  9) 	 -0.000000 	 -0.405489 	 -0.500000 	 -0.000000 
( 6,  0) 	 -0.500275 	 0.000000 	 0.000000 	 0.000034 
( 6,  1) 	 0.000000 	 0.000000 	 0.000000 	 0.000000 
( 6,  2) 	 -0.393216 	 1.015416 	 1.194827 	 0.000000 
( 6,  3) 	 1.299734 	 -0.576848 	 -0.164068 	 -0.000000 
( 6,  4) 	 0.299088 	 -0.404131 	 -0.499665 	 -0.122104 
( 6,  5) 	 0.000000 	 0.000000 	 0.000000 	 0.000000 
( 6,  6) 	 0.000000 	 12.603828 	 0.000000 	 2.193071 
( 6,  7) 	 0.000000 	 0.000000 	 0.000000 	 0.000000 
( 6,  8) 	 0.000000 	 0.000000 	 0.000000 	 0.000000 
( 6,  9) 	 0.000000 	 -0.328446 	 -0.500000 	 -0.000000 
( 7,  0) 	 0.000000 	 0.000000 	 0.000000 	 -0.687625 
( 7,  1) 	 0.000000 	 0.000000 	 0.000000 	 0.000000 
( 7,  2) 	 0.000000 	 1.502297 	 0.000000 	 0.000000 
( 7,  3) 	 1.445263 	 0.041309 	 0.000000 	 0.000000 
( 7,  4) 	 0.000000 	 0.000671 	 0.000000 	 -0.499665 
( 7,  5) 	 0.000000 	 0.000000 	 6.432521 	 1.135335 
( 7,  6) 	 0.000000 	 12.222401 	 0.000000 	 0.999698 
( 7,  7) 	 0.000000 	 0.000000 	 0.000000 	 0.000000 
( 7,  8) 	 0.000000 	 0.001006 	 0.000149 	 0.001306 
( 7,  9) 	 0.000255 	 0.000000 	 0.000000 	 0.000000 
( 8,  0) 	 0.000000 	 0.000000 	 0.000000 	 2.475156 
( 8,  1) 	 0.000000 	 0.000000 	 0.135671 	 7.009660 
( 8,  2) 	 0.000000 	 -0.000302 	 2.246280 	 0.000000 
( 8,  3) 	 -0.000245 	 1.643066 	 0.000000 	 0.000000 
( 8,  4) 	 0.000000 	 0.000000 	 0.000000 	 0.000000 
( 8,  5) 	 0.000000 	 0.000000 	 4.263117 	 0.000000 
( 8,  6) 	 0.000000 	 11.474949 	 0.000671 	 0.000000 
( 8,  7) 	 0.000000 	 -0.228323 	 -0.000014 	 0.000000 
( 8,  8) 	 0.000199 	 0.002128 	 -0.000000 	 0.000000 
( 8,  9) 	 0.000013 	 0.000000 	 0.000000 	 -0.000000 
( 9,  0) 	 -1.307266 	 1.332346 	 3.586534 	 0.000000 
( 9,  1) 	 0.878198 	 0.000000 	 9.258266 	 0.000000 
( 9,  2) 	 1.754365 	 1.610998 	 6.049827 	 0.612918 
( 9,  3) 	 0.895918 	 0.000000 	 5.534956 	 0.000000 
( 9,  4) 	 0.000000 	 0.000000 	 5.834081 	 0.000000 
( 9,  5) 	 0.000000 	 0.000000 	 6.153741 	 0.000000 
( 9,  6) 	 0.000000 	 6.775135 	 0.000000 	 0.000000 
( 9,  7) 	 0.000000 	 0.000000 	 0.000000 	 0.000000 
( 9,  8) 	 0.000000 	 0.000000 	 -0.404995 	 0.000000 
( 9,  9) 	 -0.328046 	 0.000007 	 -0.499994 	 -0.500000 
