State 	 Left 	 Up 	 Right 	 Down 
( 0,  0) 	 0.000000 	 0.000000 	 0.039795 	 9.635593 
( 0,  1) 	 0.000000 	 0.000000 	 0.000000 	 2.794728 
( 0,  2) 	 0.000000 	 0.000000 	 0.000000 	 0.000000 
( 0,  3) 	 0.000000 	 0.000000 	 0.000000 	 0.000000 
( 0,  4) 	 0.000000 	 0.000000 	 0.000000 	 0.000000 
( 0,  5) 	 0.000000 	 0.000000 	 13.984878 	 0.000000 
( 0,  6) 	 0.000000 	 0.000000 	 14.454347 	 0.000000 
( 0,  7) 	 0.000000 	 0.000000 	 0.000000 	 14.730487 
( 0,  8) 	 0.000000 	 0.000000 	 0.000000 	 0.000000 
( 0,  9) 	 0.000000 	 0.000000 	 0.000000 	 0.000000 
( 1,  0) 	 0.000000 	 0.000000 	 10.734902 	 0.000000 
( 1,  1) 	 0.000000 	 0.000000 	 11.839725 	 0.000000 
( 1,  2) 	 0.000000 	 0.000000 	 12.252390 	 1.760029 
( 1,  3) 	 -0.626088 	 0.000000 	 12.725441 	 0.000000 
( 1,  4) 	 0.000000 	 0.000000 	 12.717632 	 0.000000 
( 1,  5) 	 0.000000 	 12.256364 	 2.090970 	 0.000000 
( 1,  6) 	 0.000000 	 0.000000 	 0.000000 	 0.000000 
( 1,  7) 	 3.704994 	 0.049424 	 15.979246 	 8.672678 
( 1,  8) 	 0.000000 	 0.000000 	 0.000000 	 0.000000 
( 1,  9) 	 13.016452 	 0.000000 	 0.000000 	 0.000000 
( 2,  0) 	 0.000000 	 0.000000 	 0.000000 	 0.000000 
( 2,  1) 	 0.000000 	 0.000000 	 0.000000 	 0.000000 
( 2,  2) 	 0.000000 	 0.000000 	 0.000000 	 0.000000 
( 2,  3) 	 0.000000 	 0.000000 	 0.000000 	 0.000000 
( 2,  4) 	 0.000000 	 0.000000 	 0.000000 	 0.000000 
( 2,  5) 	 0.000000 	 0.000000 	 0.000000 	 0.000000 
( 2,  6) 	 0.000000 	 0.000000 	 0.000000 	 0.000000 
( 2,  7) 	 5.032522 	 12.034801 	 5.442980 	 0.000000 
( 2,  8) 	 0.000000 	 13.630307 	 0.000000 	 0.000000 
( 2,  9) 	 0.000000 	 12.744092 	 0.000000 	 0.000000 
( 3,  0) 	 0.000000 	 0.000000 	 0.000000 	 0.000000 
( 3,  1) 	 0.000000 	 0.000000 	 0.000000 	 0.000000 
( 3,  2) 	 0.000000 	 0.000000 	 0.000000 	 0.000000 
( 3,  3) 	 0.000000 	 0.000000 	 0.000000 	 0.000000 
( 3,  4) 	 0.000000 	 0.000000 	 0.000000 	 0.000000 
( 3,  5) 	 0.000000 	 0.000000 	 4.708622 	 0.000000 
( 3,  6) 	 0.000000 	 3.796765 	 16.258169 	 2.863522 
( 3,  7) 	 0.000000 	 14.837288 	 1.677230 	 2.904262 
( 3,  8) 	 0.000000 	 2.989954 	 -0.741907 	 -0.500000 
( 3,  9) 	 0.000000 	 12.042023 	 0.000000 	 0.000000 
( 4,  0) 	 0.000000 	 0.000000 	 0.000000 	 0.000000 
( 4,  1) 	 0.000000 	 0.000000 	 0.000000 	 0.000000 
( 4,  2) 	 0.000000 	 0.000000 	 0.000000 	 0.000000 
( 4,  3) 	 0.000000 	 0.000000 	 0.000000 	 0.000000 
( 4,  4) 	 0.000000 	 0.000000 	 0.000000 	 0.000000 
( 4,  5) 	 0.000000 	 1.542348 	 0.000000 	 0.000000 
( 4,  6) 	 0.000000 	 13.616917 	 0.527038 	 0.000000 
( 4,  7) 	 0.000000 	 0.000000 	 0.000000 	 0.000000 
( 4,  8) 	 0.000000 	 0.000000 	 0.000000 	 0.000000 
( 4,  9) 	 0.000000 	 10.719809 	 0.000000 	 0.000000 
( 5,  0) 	 0.000000 	 0.000000 	 0.000000 	 0.000000 
( 5,  1) 	 0.000000 	 0.000000 	 0.000000 	 0.000000 
( 5,  2) 	 0.000000 	 0.000000 	 0.000000 	 0.000000 
( 5,  3) 	 0.000000 	 0.000000 	 0.000000 	 0.000000 
( 5,  4) 	 0.000000 	 0.000000 	 0.632817 	 0.000000 
( 5,  5) 	 0.000000 	 0.920241 	 0.000000 	 0.000000 
( 5,  6) 	 0.000000 	 13.800134 	 0.000000 	 2.592514 
( 5,  7) 	 0.000000 	 0.000000 	 0.000000 	 0.000000 
( 5,  8) 	 0.000000 	 0.000000 	 1.000335 	 0.000000 
( 5,  9) 	 0.000000 	 9.754348 	 0.000000 	 0.000000 
( 6,  0) 	 0.000000 	 0.000000 	 0.000000 	 0.000000 
( 6,  1) 	 0.000000 	 0.000000 	 0.000000 	 0.000000 
( 6,  2) 	 0.000000 	 0.000000 	 1.000000 	 0.000000 
( 6,  3) 	 0.000000 	 0.000000 	 1.012024 	 0.000000 
( 6,  4) 	 0.000000 	 1.001007 	 0.000000 	 0.000000 
( 6,  5) 	 0.000000 	 0.000000 	 0.000000 	 0.000000 
( 6,  6) 	 0.000000 	 13.304681 	 1.878541 	 0.000000 
( 6,  7) 	 0.000000 	 0.000000 	 4.557883 	 0.000000 
( 6,  8) 	 -0.573881 	 1.000034 	 5.220485 	 0.000000 
( 6,  9) 	 0.000000 	 5.947544 	 0.000000 	 0.000000 
( 7,  0) 	 0.000000 	 0.000000 	 0.000000 	 0.000000 
( 7,  1) 	 0.000000 	 0.000000 	 0.000000 	 0.000000 
( 7,  2) 	 0.000000 	 1.135033 	 0.000000 	 0.000000 
( 7,  3) 	 0.000000 	 0.000000 	 0.000000 	 0.000000 
( 7,  4) 	 0.000000 	 0.000000 	 0.324513 	 0.000000 
( 7,  5) 	 -0.000302 	 0.000000 	 10.920126 	 0.000000 
( 7,  6) 	 0.000000 	 14.014792 	 0.000000 	 0.000000 
( 7,  7) 	 0.000000 	 0.000000 	 0.000000 	 0.000000 
( 7,  8) 	 0.000000 	 0.699018 	 0.000000 	 0.000000 
( 7,  9) 	 0.000000 	 0.000000 	 0.000000 	 0.000000 
( 8,  0) 	 0.000000 	 0.000000 	 2.423778 	 0.000000 
( 8,  1) 	 0.523969 	 0.000000 	 2.923318 	 4.451415 
( 8,  2) 	 0.775807 	 0.998792 	 0.000000 	 2.362787 
( 8,  3) 	 0.000000 	 0.000000 	 0.000000 	 0.000000 
( 8,  4) 	 0.000000 	 0.000000 	 0.000000 	 0.000000 
( 8,  5) 	 0.000000 	 0.000000 	 2.771839 	 0.000000 
( 8,  6) 	 0.000000 	 7.774325 	 0.000000 	 0.000000 
( 8,  7) 	 0.000000 	 0.000000 	 0.000000 	 0.000000 
( 8,  8) 	 0.000000 	 1.135402 	 0.000000 	 0.000000 
( 8,  9) 	 0.000000 	 0.000000 	 0.000000 	 0.000000 
( 9,  0) 	 0.000000 	 0.274182 	 0.000000 	 -0.622674 
( 9,  1) 	 0.000000 	 0.744327 	 5.473864 	 0.000000 
( 9,  2) 	 0.000000 	 0.000000 	 7.541273 	 0.000000 
( 9,  3) 	 0.000000 	 0.000000 	 8.094105 	 0.000000 
( 9,  4) 	 0.210707 	 0.000000 	 8.407911 	 0.000000 
( 9,  5) 	 0.000000 	 0.000000 	 8.486131 	 0.000000 
( 9,  6) 	 0.000000 	 6.336516 	 1.271342 	 0.000000 
( 9,  7) 	 0.000000 	 0.000000 	 1.013903 	 0.000000 
( 9,  8) 	 0.000000 	 1.000335 	 0.000000 	 0.000000 
( 9,  9) 	 0.000000 	 0.000000 	 0.000000 	 0.000000 
