State 	 Left 	 Up 	 Right 	 Down 
( 0,  0) 	 0.000000 	 0.000000 	 0.000000 	 8.257131 
( 0,  1) 	 0.000000 	 0.000000 	 0.000000 	 0.000000 
( 0,  2) 	 0.000000 	 0.000000 	 0.000000 	 0.000000 
( 0,  3) 	 0.000000 	 0.000000 	 0.000000 	 0.000000 
( 0,  4) 	 0.000000 	 1.645560 	 12.294351 	 0.000000 
( 0,  5) 	 0.000000 	 0.000000 	 15.348064 	 0.000000 
( 0,  6) 	 0.000000 	 0.000000 	 16.226890 	 0.000000 
( 0,  7) 	 0.000000 	 0.000000 	 13.897762 	 3.583298 
( 0,  8) 	 0.000000 	 0.000000 	 0.000000 	 14.089499 
( 0,  9) 	 0.000000 	 0.000000 	 0.000000 	 0.000000 
( 1,  0) 	 -1.072104 	 0.860517 	 11.493416 	 0.000000 
( 1,  1) 	 0.000000 	 0.000000 	 12.767491 	 -0.305511 
( 1,  2) 	 0.000000 	 0.000000 	 13.088906 	 0.000000 
( 1,  3) 	 2.201684 	 0.000000 	 12.911758 	 0.000000 
( 1,  4) 	 0.000000 	 11.006032 	 1.162201 	 0.000000 
( 1,  5) 	 0.000000 	 4.092926 	 0.000000 	 0.000000 
( 1,  6) 	 0.000000 	 0.000000 	 0.000000 	 0.000000 
( 1,  7) 	 0.000000 	 0.000000 	 9.164113 	 0.000000 
( 1,  8) 	 0.000000 	 0.000000 	 0.000000 	 0.000000 
( 1,  9) 	 8.816995 	 0.000000 	 0.000000 	 0.000000 
( 2,  0) 	 0.000000 	 5.571130 	 0.000000 	 0.000000 
( 2,  1) 	 1.364626 	 -0.633005 	 -0.472799 	 0.000000 
( 2,  2) 	 0.000000 	 0.000000 	 0.000000 	 0.000000 
( 2,  3) 	 0.000000 	 0.000000 	 0.000000 	 0.000000 
( 2,  4) 	 0.000000 	 0.000000 	 0.000000 	 0.000000 
( 2,  5) 	 0.000000 	 0.000000 	 0.000000 	 0.000000 
( 2,  6) 	 0.000000 	 0.000000 	 0.000000 	 0.000000 
( 2,  7) 	 0.000000 	 0.000000 	 0.000000 	 0.000000 
( 2,  8) 	 0.000000 	 12.112853 	 -0.626515 	 0.000000 
( 2,  9) 	 0.000000 	 5.971642 	 0.000000 	 0.000000 
( 3,  0) 	 0.000000 	 5.384913 	 0.000000 	 0.000000 
( 3,  1) 	 0.000000 	 0.000000 	 0.000000 	 0.000000 
( 3,  2) 	 0.000000 	 0.000000 	 0.000000 	 0.000000 
( 3,  3) 	 0.000000 	 0.000000 	 0.000000 	 0.000000 
( 3,  4) 	 0.000000 	 0.000000 	 0.000000 	 0.000000 
( 3,  5) 	 0.000000 	 0.000000 	 0.000000 	 0.000000 
( 3,  6) 	 0.000000 	 -0.935796 	 8.864416 	 -0.512837 
( 3,  7) 	 0.000000 	 0.000000 	 9.584739 	 0.000000 
( 3,  8) 	 0.000000 	 10.615806 	 0.000000 	 0.000000 
( 3,  9) 	 0.000000 	 1.027134 	 0.000000 	 0.000000 
( 4,  0) 	 0.000000 	 5.025836 	 0.000000 	 0.000000 
( 4,  1) 	 1.147233 	 0.000000 	 0.000000 	 0.000000 
( 4,  2) 	 0.806853 	 0.000000 	 0.000000 	 -0.000151 
( 4,  3) 	 0.000000 	 0.000000 	 0.000000 	 0.000000 
( 4,  4) 	 0.000000 	 0.000000 	 0.000000 	 0.000000 
( 4,  5) 	 0.000000 	 0.000000 	 0.000000 	 0.000000 
( 4,  6) 	 0.000000 	 8.178187 	 0.000000 	 0.000000 
( 4,  7) 	 0.000000 	 0.000000 	 0.000000 	 0.000000 
( 4,  8) 	 0.000000 	 0.000000 	 0.000000 	 0.000000 
( 4,  9) 	 0.000000 	 1.136006 	 0.000000 	 0.000000 
( 5,  0) 	 0.000000 	 4.527228 	 0.000000 	 0.607228 
( 5,  1) 	 0.000000 	 0.000000 	 0.000000 	 0.000000 
( 5,  2) 	 0.000000 	 0.654054 	 0.000000 	 0.000000 
( 5,  3) 	 -0.000030 	 0.000000 	 0.000000 	 0.000000 
( 5,  4) 	 0.000000 	 0.000000 	 0.000000 	 0.000000 
( 5,  5) 	 0.000000 	 0.000000 	 0.000000 	 0.000000 
( 5,  6) 	 0.000000 	 7.837462 	 0.000000 	 1.620573 
( 5,  7) 	 0.000000 	 0.000000 	 0.000000 	 0.000000 
( 5,  8) 	 0.000000 	 0.000000 	 0.000000 	 0.000000 
( 5,  9) 	 0.000000 	 1.135335 	 0.000000 	 0.000000 
( 6,  0) 	 0.000000 	 4.501599 	 0.000000 	 0.000000 
( 6,  1) 	 0.000000 	 0.000000 	 0.000000 	 0.000000 
( 6,  2) 	 0.000000 	 0.000000 	 -0.000020 	 0.000000 
( 6,  3) 	 -0.000016 	 -0.000024 	 0.000000 	 0.000000 
( 6,  4) 	 0.000000 	 0.000000 	 0.000000 	 0.000000 
( 6,  5) 	 0.000000 	 0.000000 	 0.000000 	 0.000000 
( 6,  6) 	 0.000000 	 7.603592 	 0.877963 	 0.000000 
( 6,  7) 	 0.000000 	 0.000000 	 1.135033 	 0.000000 
( 6,  8) 	 0.000000 	 0.000000 	 1.135671 	 0.000000 
( 6,  9) 	 0.000000 	 1.000000 	 0.000000 	 0.000000 
( 7,  0) 	 0.000000 	 4.080442 	 0.000000 	 0.000000 
( 7,  1) 	 0.000000 	 0.000000 	 0.000000 	 0.000000 
( 7,  2) 	 0.000000 	 0.000335 	 0.000000 	 0.000000 
( 7,  3) 	 0.000000 	 0.000000 	 0.000000 	 0.000000 
( 7,  4) 	 0.000000 	 0.000000 	 0.000000 	 0.000000 
( 7,  5) 	 0.000000 	 0.000000 	 7.909551 	 0.000000 
( 7,  6) 	 0.000000 	 8.549709 	 0.000000 	 0.000000 
( 7,  7) 	 0.000000 	 0.000000 	 0.000000 	 0.000000 
( 7,  8) 	 0.000000 	 0.000000 	 0.000000 	 0.000000 
( 7,  9) 	 0.000000 	 0.000000 	 0.000000 	 0.000000 
( 8,  0) 	 0.000000 	 3.807234 	 0.000000 	 0.000000 
( 8,  1) 	 0.000000 	 0.000000 	 -0.000302 	 2.109631 
( 8,  2) 	 0.000000 	 0.000335 	 0.000000 	 0.000000 
( 8,  3) 	 0.000000 	 0.000000 	 0.000000 	 0.000000 
( 8,  4) 	 0.000000 	 0.000000 	 0.000000 	 0.000000 
( 8,  5) 	 0.000000 	 0.000000 	 0.000000 	 0.000000 
( 8,  6) 	 0.000000 	 0.000000 	 0.000000 	 0.000000 
( 8,  7) 	 0.000000 	 0.000000 	 0.000000 	 0.000000 
( 8,  8) 	 0.000000 	 0.000000 	 0.000000 	 0.000000 
( 8,  9) 	 0.000000 	 0.000000 	 0.000000 	 0.000000 
( 9,  0) 	 0.000000 	 3.311429 	 0.067418 	 -0.461499 
( 9,  1) 	 2.734789 	 0.000000 	 0.000000 	 0.000000 
( 9,  2) 	 0.000000 	 0.000000 	 0.000000 	 0.000000 
( 9,  3) 	 0.000000 	 0.000000 	 0.000000 	 0.000000 
( 9,  4) 	 0.000000 	 0.000000 	 0.000000 	 0.000000 
( 9,  5) 	 0.000000 	 0.000000 	 0.000000 	 0.000000 
( 9,  6) 	 0.000000 	 0.000000 	 0.000000 	 0.000000 
( 9,  7) 	 0.000000 	 0.000000 	 0.000000 	 0.000000 
( 9,  8) 	 0.000000 	 0.000000 	 0.000000 	 0.000000 
( 9,  9) 	 0.000000 	 0.000000 	 0.000000 	 0.000000 
