State 	 Left 	 Up 	 Right 	 Down 
( 0,  0) 	 0.000000 	 0.000000 	 0.000000 	 10.475143 
( 0,  1) 	 0.000000 	 0.000000 	 0.000000 	 0.000000 
( 0,  2) 	 0.000000 	 0.000000 	 0.000000 	 0.000000 
( 0,  3) 	 0.000000 	 0.000000 	 0.000000 	 0.000000 
( 0,  4) 	 0.000000 	 1.645560 	 11.896947 	 2.553906 
( 0,  5) 	 0.000000 	 0.000000 	 16.597645 	 0.000000 
( 0,  6) 	 0.000000 	 0.000000 	 17.645059 	 0.000000 
( 0,  7) 	 0.000000 	 0.000000 	 15.973152 	 6.041359 
( 0,  8) 	 0.000000 	 0.000000 	 0.000000 	 15.857068 
( 0,  9) 	 0.000000 	 0.000000 	 0.000000 	 0.000000 
( 1,  0) 	 -1.072104 	 0.860517 	 13.167115 	 0.000000 
( 1,  1) 	 2.094008 	 0.000000 	 14.644770 	 -0.305511 
( 1,  2) 	 0.000000 	 0.000000 	 14.882954 	 2.686979 
( 1,  3) 	 2.201684 	 0.000000 	 14.835045 	 0.000000 
( 1,  4) 	 0.000000 	 10.514628 	 6.100738 	 0.000000 
( 1,  5) 	 0.000000 	 11.091224 	 0.000000 	 0.000000 
( 1,  6) 	 0.000000 	 0.000000 	 0.000000 	 0.000000 
( 1,  7) 	 0.000000 	 0.000000 	 10.610164 	 0.000000 
( 1,  8) 	 0.000000 	 0.000000 	 0.000000 	 0.000000 
( 1,  9) 	 11.286092 	 0.000000 	 0.000000 	 0.000000 
( 2,  0) 	 0.000000 	 5.958543 	 0.000000 	 0.000000 
( 2,  1) 	 1.364626 	 -0.633005 	 -0.472799 	 0.000000 
( 2,  2) 	 0.000000 	 0.000000 	 0.000000 	 0.000000 
( 2,  3) 	 0.000000 	 0.000000 	 0.000000 	 0.000000 
( 2,  4) 	 0.000000 	 0.000000 	 0.000000 	 0.000000 
( 2,  5) 	 0.000000 	 0.000000 	 0.000000 	 0.000000 
( 2,  6) 	 0.000000 	 0.000000 	 0.000000 	 0.000000 
( 2,  7) 	 0.000000 	 0.000000 	 0.000000 	 0.000000 
( 2,  8) 	 0.000000 	 16.400285 	 -0.626515 	 0.000000 
( 2,  9) 	 0.000000 	 10.460449 	 0.000000 	 0.000000 
( 3,  0) 	 0.000000 	 5.888199 	 0.000000 	 0.000000 
( 3,  1) 	 0.000000 	 0.000000 	 0.000000 	 0.000000 
( 3,  2) 	 0.000000 	 0.000000 	 0.000000 	 0.000000 
( 3,  3) 	 0.000000 	 0.000000 	 0.001342 	 0.000000 
( 3,  4) 	 0.000000 	 0.000000 	 2.756285 	 0.000000 
( 3,  5) 	 2.230478 	 0.000000 	 3.851951 	 1.445101 
( 3,  6) 	 0.000000 	 -0.935796 	 14.132855 	 -0.512837 
( 3,  7) 	 0.000000 	 0.000000 	 14.691191 	 0.000000 
( 3,  8) 	 0.000000 	 15.714018 	 0.000000 	 0.000000 
( 3,  9) 	 0.000000 	 8.112777 	 0.000000 	 0.000000 
( 4,  0) 	 0.000000 	 5.577496 	 0.000000 	 1.557317 
( 4,  1) 	 2.041334 	 0.000000 	 0.000000 	 0.000000 
( 4,  2) 	 0.806853 	 0.000000 	 0.000000 	 -0.000151 
( 4,  3) 	 0.000000 	 0.000000 	 0.000000 	 0.000000 
( 4,  4) 	 0.000000 	 0.000000 	 0.000000 	 0.000000 
( 4,  5) 	 0.000000 	 2.417205 	 0.000000 	 -0.048032 
( 4,  6) 	 0.000000 	 14.365112 	 0.000000 	 0.000000 
( 4,  7) 	 0.000000 	 0.000000 	 0.000000 	 0.000000 
( 4,  8) 	 0.000000 	 0.000000 	 0.000000 	 0.000000 
( 4,  9) 	 0.000000 	 7.788819 	 0.000000 	 0.000000 
( 5,  0) 	 0.000000 	 5.308281 	 -0.000000 	 0.607228 
( 5,  1) 	 0.000000 	 0.652261 	 0.000000 	 0.000000 
( 5,  2) 	 0.000000 	 0.654054 	 0.000000 	 0.000000 
( 5,  3) 	 -0.000030 	 0.000000 	 0.000000 	 0.000000 
( 5,  4) 	 0.000000 	 0.000000 	 0.000000 	 0.000000 
( 5,  5) 	 0.000000 	 0.575397 	 0.000000 	 0.000000 
( 5,  6) 	 0.000000 	 14.637369 	 0.000000 	 1.620573 
( 5,  7) 	 0.000000 	 0.000000 	 0.000000 	 0.000000 
( 5,  8) 	 0.000000 	 0.000000 	 0.000000 	 0.000000 
( 5,  9) 	 0.000000 	 7.607712 	 0.000000 	 0.000000 
( 6,  0) 	 0.000000 	 5.059778 	 0.764904 	 0.000000 
( 6,  1) 	 0.000000 	 0.000000 	 0.000000 	 0.000000 
( 6,  2) 	 0.000000 	 0.000000 	 -0.000020 	 0.000000 
( 6,  3) 	 -0.000016 	 -0.000024 	 0.000000 	 0.000000 
( 6,  4) 	 0.000000 	 0.000000 	 0.000000 	 0.000000 
( 6,  5) 	 0.000000 	 0.000000 	 0.000000 	 0.000000 
( 6,  6) 	 0.000000 	 14.638084 	 0.877963 	 0.000000 
( 6,  7) 	 0.000000 	 0.000000 	 1.135033 	 0.000000 
( 6,  8) 	 0.000000 	 0.000000 	 1.135671 	 0.000000 
( 6,  9) 	 0.000000 	 7.258859 	 0.000000 	 0.000000 
( 7,  0) 	 0.000000 	 4.832345 	 0.000000 	 1.255172 
( 7,  1) 	 0.000000 	 0.000000 	 0.000000 	 0.000000 
( 7,  2) 	 0.000000 	 0.000335 	 0.000000 	 0.000000 
( 7,  3) 	 0.000000 	 0.000000 	 0.000000 	 -0.000000 
( 7,  4) 	 -0.000000 	 0.000000 	 0.000000 	 0.000000 
( 7,  5) 	 -0.000000 	 0.000000 	 10.303671 	 0.000000 
( 7,  6) 	 0.000000 	 15.563732 	 0.000000 	 0.000000 
( 7,  7) 	 0.000000 	 0.000000 	 0.000000 	 0.000000 
( 7,  8) 	 0.000000 	 0.000000 	 0.000000 	 0.000000 
( 7,  9) 	 0.000000 	 0.576799 	 0.000000 	 0.000000 
( 8,  0) 	 0.000000 	 4.655483 	 0.000000 	 0.000000 
( 8,  1) 	 0.000000 	 0.000000 	 -0.000302 	 8.087649 
( 8,  2) 	 0.000000 	 0.000335 	 0.000000 	 0.000000 
( 8,  3) 	 0.000000 	 0.000000 	 0.000000 	 0.000335 
( 8,  4) 	 0.000000 	 0.000000 	 0.000000 	 0.000000 
( 8,  5) 	 0.000000 	 0.000000 	 0.000000 	 0.000000 
( 8,  6) 	 0.000000 	 3.681742 	 1.001342 	 0.000000 
( 8,  7) 	 0.000000 	 0.000000 	 1.135671 	 0.000000 
( 8,  8) 	 0.000000 	 0.000000 	 1.013903 	 0.000000 
( 8,  9) 	 0.000000 	 1.000335 	 0.000000 	 0.000000 
( 9,  0) 	 0.000000 	 4.240881 	 0.067418 	 -0.461499 
( 9,  1) 	 3.807417 	 0.000000 	 2.192121 	 0.886430 
( 9,  2) 	 0.956972 	 0.000000 	 6.411009 	 0.000000 
( 9,  3) 	 0.775181 	 0.000000 	 6.096158 	 -0.500302 
( 9,  4) 	 0.000000 	 0.000000 	 5.921186 	 0.000000 
( 9,  5) 	 0.000000 	 0.000000 	 5.557002 	 0.000000 
( 9,  6) 	 0.000000 	 4.910241 	 0.000000 	 0.000000 
( 9,  7) 	 0.000000 	 0.000000 	 0.000000 	 0.000000 
( 9,  8) 	 0.000000 	 0.000000 	 0.000000 	 0.000000 
( 9,  9) 	 0.000000 	 0.000000 	 0.000000 	 0.000000 
