State 	 Left 	 Up 	 Right 	 Down 
( 0,  0) 	 0.000000 	 -0.450309 	 0.000000 	 10.945883 
( 0,  1) 	 0.000000 	 0.000000 	 0.000000 	 0.000000 
( 0,  2) 	 0.000000 	 0.000000 	 0.000000 	 0.000000 
( 0,  3) 	 0.000000 	 0.000000 	 0.000000 	 0.000000 
( 0,  4) 	 0.000000 	 0.000000 	 0.000000 	 0.000000 
( 0,  5) 	 0.000000 	 8.832571 	 12.242961 	 6.160414 
( 0,  6) 	 0.000000 	 8.894506 	 12.911521 	 8.506528 
( 0,  7) 	 0.000000 	 9.603519 	 13.468350 	 5.539629 
( 0,  8) 	 0.000000 	 10.155870 	 7.024838 	 13.821990 
( 0,  9) 	 0.000000 	 0.000000 	 0.000000 	 6.889393 
( 1,  0) 	 0.000000 	 0.000000 	 7.125944 	 3.895238 
( 1,  1) 	 0.000000 	 0.000000 	 7.870511 	 2.810675 
( 1,  2) 	 0.000000 	 0.000000 	 8.376483 	 2.958474 
( 1,  3) 	 0.000000 	 0.000000 	 9.710981 	 3.958940 
( 1,  4) 	 0.000000 	 7.215609 	 11.319474 	 4.094108 
( 1,  5) 	 -0.458238 	 13.807453 	 7.454058 	 4.326324 
( 1,  6) 	 0.000000 	 0.000000 	 0.000000 	 0.000000 
( 1,  7) 	 0.000000 	 0.000000 	 0.000000 	 0.000000 
( 1,  8) 	 0.000000 	 0.000000 	 0.000000 	 0.000000 
( 1,  9) 	 13.716244 	 0.000000 	 6.013869 	 0.000000 
( 2,  0) 	 0.000000 	 0.000000 	 0.000000 	 1.271726 
( 2,  1) 	 0.000000 	 1.881451 	 0.000000 	 0.000000 
( 2,  2) 	 0.000000 	 0.000000 	 0.000000 	 0.000000 
( 2,  3) 	 -1.017901 	 3.513699 	 11.123327 	 0.000000 
( 2,  4) 	 -0.824500 	 10.642665 	 4.342289 	 0.000000 
( 2,  5) 	 2.314355 	 0.000000 	 -0.865003 	 0.000000 
( 2,  6) 	 0.000000 	 0.000000 	 0.000000 	 0.000000 
( 2,  7) 	 0.000000 	 0.000000 	 0.000000 	 0.000000 
( 2,  8) 	 0.000000 	 0.000000 	 0.000000 	 0.000000 
( 2,  9) 	 5.482567 	 10.820375 	 5.455347 	 0.000000 
( 3,  0) 	 -0.500275 	 0.000000 	 2.445947 	 0.000000 
( 3,  1) 	 -0.405223 	 1.524680 	 -0.499933 	 0.938759 
( 3,  2) 	 0.000000 	 0.000000 	 0.000000 	 0.000000 
( 3,  3) 	 0.000000 	 9.680579 	 3.672662 	 0.000000 
( 3,  4) 	 0.000000 	 0.000000 	 0.000671 	 -0.500000 
( 3,  5) 	 0.000000 	 -0.364667 	 0.000000 	 0.000000 
( 3,  6) 	 0.000000 	 0.000000 	 0.000000 	 0.000000 
( 3,  7) 	 0.000000 	 0.000000 	 0.000000 	 0.000000 
( 3,  8) 	 0.000000 	 0.000000 	 0.000000 	 0.000000 
( 3,  9) 	 5.076906 	 10.238730 	 4.922843 	 0.000000 
( 4,  0) 	 0.000000 	 0.000000 	 0.000000 	 0.000000 
( 4,  1) 	 0.000000 	 0.135771 	 2.795195 	 0.000000 
( 4,  2) 	 0.000000 	 2.984270 	 9.211513 	 0.000000 
( 4,  3) 	 0.000000 	 9.220724 	 3.516777 	 0.000000 
( 4,  4) 	 0.000000 	 0.000000 	 0.000000 	 0.000000 
( 4,  5) 	 0.000000 	 0.000000 	 0.000000 	 0.000000 
( 4,  6) 	 0.000000 	 0.000000 	 0.000000 	 0.000000 
( 4,  7) 	 0.000000 	 0.000000 	 0.000000 	 0.000000 
( 4,  8) 	 0.000000 	 0.000000 	 0.000000 	 0.000000 
( 4,  9) 	 4.586390 	 9.471332 	 4.609861 	 0.000000 
( 5,  0) 	 0.000000 	 0.000000 	 0.000000 	 0.000000 
( 5,  1) 	 0.000000 	 0.272013 	 0.000000 	 -0.500000 
( 5,  2) 	 -0.000604 	 8.431674 	 0.135033 	 0.000000 
( 5,  3) 	 2.420138 	 0.000000 	 0.000000 	 0.000000 
( 5,  4) 	 1.395014 	 0.000000 	 0.000000 	 0.000000 
( 5,  5) 	 0.000000 	 0.000000 	 0.000000 	 0.000000 
( 5,  6) 	 3.879119 	 0.000000 	 10.351100 	 0.000000 
( 5,  7) 	 4.167540 	 -0.498983 	 11.208179 	 0.000000 
( 5,  8) 	 3.987009 	 2.287026 	 10.765326 	 0.000000 
( 5,  9) 	 4.316828 	 8.508905 	 6.959876 	 0.000000 
( 6,  0) 	 0.000000 	 0.000000 	 0.000000 	 0.000000 
( 6,  1) 	 0.000000 	 0.000000 	 0.000000 	 0.000000 
( 6,  2) 	 0.000000 	 8.372703 	 0.000000 	 0.000000 
( 6,  3) 	 0.000000 	 0.000000 	 0.000000 	 0.000000 
( 6,  4) 	 0.000000 	 0.000101 	 -0.499866 	 -0.000453 
( 6,  5) 	 0.000000 	 0.000000 	 0.000000 	 0.000000 
( 6,  6) 	 3.614043 	 7.263798 	 2.442806 	 0.000000 
( 6,  7) 	 0.000000 	 0.000000 	 0.000000 	 0.000000 
( 6,  8) 	 0.000000 	 0.000000 	 0.000000 	 0.000000 
( 6,  9) 	 0.000000 	 0.000000 	 0.000000 	 0.000000 
( 7,  0) 	 0.000000 	 0.000000 	 0.000000 	 0.000000 
( 7,  1) 	 0.000000 	 2.254332 	 4.652830 	 0.869875 
( 7,  2) 	 0.000000 	 7.799192 	 0.000000 	 0.000000 
( 7,  3) 	 0.000000 	 0.000000 	 0.000000 	 0.000000 
( 7,  4) 	 0.000000 	 0.000685 	 0.000000 	 0.000000 
( 7,  5) 	 2.692094 	 0.000000 	 10.302153 	 0.000000 
( 7,  6) 	 3.459413 	 6.768657 	 2.338744 	 0.877896 
( 7,  7) 	 0.000000 	 0.000000 	 0.000000 	 0.000000 
( 7,  8) 	 0.000000 	 0.000000 	 0.000000 	 0.000000 
( 7,  9) 	 0.000000 	 0.000000 	 0.000000 	 0.000000 
( 8,  0) 	 0.000000 	 0.000000 	 0.000000 	 0.000000 
( 8,  1) 	 0.000000 	 6.684030 	 0.000000 	 0.000000 
( 8,  2) 	 0.000000 	 0.000000 	 0.000000 	 0.000000 
( 8,  3) 	 0.000000 	 0.000000 	 0.000000 	 0.000000 
( 8,  4) 	 0.000000 	 0.000000 	 0.000000 	 0.000000 
( 8,  5) 	 5.255519 	 0.000000 	 0.000000 	 0.000000 
( 8,  6) 	 5.256669 	 0.000000 	 0.000000 	 0.000000 
( 8,  7) 	 0.000000 	 0.000000 	 0.000000 	 0.000000 
( 8,  8) 	 0.000000 	 0.000000 	 0.000000 	 0.000000 
( 8,  9) 	 0.000000 	 0.000000 	 0.000000 	 0.000000 
( 9,  0) 	 0.000000 	 0.000000 	 0.000000 	 0.000000 
( 9,  1) 	 0.000000 	 0.000000 	 0.000000 	 0.000000 
( 9,  2) 	 0.000000 	 0.000000 	 0.000000 	 0.000000 
( 9,  3) 	 0.000000 	 0.000000 	 0.000000 	 0.000000 
( 9,  4) 	 0.000000 	 0.000000 	 0.000000 	 0.000000 
( 9,  5) 	 0.000000 	 0.000000 	 0.000000 	 0.000000 
( 9,  6) 	 0.000000 	 0.000000 	 0.000000 	 0.000000 
( 9,  7) 	 0.000000 	 0.000000 	 0.000000 	 0.000000 
( 9,  8) 	 0.000000 	 0.000000 	 0.000000 	 0.000000 
( 9,  9) 	 0.000000 	 0.000000 	 0.000000 	 0.000000 
