State 	 Left 	 Up 	 Right 	 Down 
( 0,  0) 	 0.000000 	 0.000000 	 0.000000 	 9.837565 
( 0,  1) 	 0.000000 	 0.000000 	 0.000000 	 0.000000 
( 0,  2) 	 0.000000 	 0.000000 	 0.000000 	 0.000000 
( 0,  3) 	 0.000000 	 0.000000 	 0.000000 	 0.000000 
( 0,  4) 	 0.000000 	 0.000000 	 3.472386 	 0.000000 
( 0,  5) 	 -0.244509 	 8.857619 	 16.724254 	 4.758991 
( 0,  6) 	 0.000000 	 8.935668 	 17.661237 	 5.160703 
( 0,  7) 	 3.507712 	 10.588531 	 18.116157 	 5.621091 
( 0,  8) 	 3.874620 	 10.338724 	 10.298778 	 13.945868 
( 0,  9) 	 0.000000 	 0.000000 	 0.000000 	 0.000000 
( 1,  0) 	 0.715024 	 0.000000 	 8.443232 	 2.722933 
( 1,  1) 	 0.000000 	 0.000000 	 9.368407 	 2.704379 
( 1,  2) 	 0.000000 	 0.000000 	 9.804940 	 3.131336 
( 1,  3) 	 -0.601362 	 0.000000 	 10.292415 	 3.425968 
( 1,  4) 	 0.000000 	 0.000000 	 10.573364 	 3.214318 
( 1,  5) 	 0.000000 	 13.449388 	 8.136648 	 7.241885 
( 1,  6) 	 0.000000 	 0.000000 	 0.000000 	 0.000000 
( 1,  7) 	 0.000000 	 0.000000 	 0.000000 	 0.000000 
( 1,  8) 	 0.000000 	 0.000000 	 0.000000 	 0.000000 
( 1,  9) 	 5.878198 	 0.000000 	 0.000000 	 0.000000 
( 2,  0) 	 0.000000 	 0.000000 	 0.000000 	 0.000000 
( 2,  1) 	 0.000000 	 0.000000 	 0.000000 	 0.136006 
( 2,  2) 	 0.000000 	 0.000000 	 0.000000 	 0.000000 
( 2,  3) 	 0.000000 	 0.000000 	 0.000000 	 0.000000 
( 2,  4) 	 0.000000 	 0.000000 	 0.000000 	 0.000000 
( 2,  5) 	 0.000000 	 11.515648 	 7.394555 	 3.781494 
( 2,  6) 	 0.000000 	 0.000000 	 0.000000 	 0.000000 
( 2,  7) 	 0.000000 	 0.000000 	 0.000000 	 0.000000 
( 2,  8) 	 0.000000 	 11.763075 	 0.000000 	 0.000000 
( 2,  9) 	 0.000000 	 1.135369 	 0.000000 	 0.000000 
( 3,  0) 	 0.000000 	 0.000000 	 0.000000 	 0.000000 
( 3,  1) 	 0.000000 	 0.000000 	 -0.499966 	 0.000034 
( 3,  2) 	 0.000000 	 0.000000 	 0.000000 	 0.000000 
( 3,  3) 	 0.000000 	 0.000000 	 0.000000 	 0.000000 
( 3,  4) 	 0.000000 	 0.000000 	 0.000000 	 0.000000 
( 3,  5) 	 0.000000 	 10.664155 	 9.434938 	 0.000000 
( 3,  6) 	 5.046875 	 3.677925 	 13.970365 	 0.000000 
( 3,  7) 	 0.000000 	 0.000000 	 9.952068 	 0.000000 
( 3,  8) 	 0.000000 	 10.631913 	 0.000000 	 0.000000 
( 3,  9) 	 0.000000 	 1.135671 	 0.000000 	 0.000000 
( 4,  0) 	 0.000000 	 0.000000 	 0.000000 	 0.000000 
( 4,  1) 	 0.000000 	 0.000000 	 0.000335 	 0.000000 
( 4,  2) 	 0.000000 	 0.000000 	 -0.091329 	 0.000000 
( 4,  3) 	 -0.244922 	 0.000000 	 -0.363994 	 1.509479 
( 4,  4) 	 0.000000 	 0.000000 	 0.000000 	 0.000000 
( 4,  5) 	 0.000000 	 1.135671 	 0.000000 	 0.000000 
( 4,  6) 	 0.000000 	 10.813057 	 6.441009 	 2.523617 
( 4,  7) 	 0.000000 	 0.000000 	 0.000000 	 0.000000 
( 4,  8) 	 0.000000 	 0.000000 	 0.000000 	 0.000000 
( 4,  9) 	 0.000000 	 1.135335 	 0.000000 	 0.000000 
( 5,  0) 	 0.000000 	 0.000000 	 0.000000 	 0.000000 
( 5,  1) 	 0.000000 	 0.000000 	 0.000000 	 0.000000 
( 5,  2) 	 0.000000 	 0.000000 	 5.269173 	 0.000000 
( 5,  3) 	 0.000000 	 0.000000 	 6.102495 	 0.000000 
( 5,  4) 	 0.000000 	 0.000000 	 8.178052 	 -0.000604 
( 5,  5) 	 0.000000 	 0.000000 	 8.794516 	 0.000000 
( 5,  6) 	 0.000000 	 9.923598 	 7.877234 	 0.000000 
( 5,  7) 	 0.000000 	 0.000000 	 1.271409 	 0.000000 
( 5,  8) 	 0.000000 	 0.000000 	 1.136006 	 0.000000 
( 5,  9) 	 0.000000 	 1.000000 	 0.000000 	 0.000000 
( 6,  0) 	 0.000000 	 0.000000 	 0.000000 	 0.000000 
( 6,  1) 	 0.000000 	 0.000000 	 0.000000 	 0.000000 
( 6,  2) 	 0.000000 	 4.994414 	 0.891463 	 0.000000 
( 6,  3) 	 0.000000 	 0.000000 	 1.715005 	 0.000000 
( 6,  4) 	 0.000000 	 2.557289 	 0.000000 	 0.985920 
( 6,  5) 	 0.000000 	 0.000000 	 0.000000 	 0.000000 
( 6,  6) 	 0.000000 	 7.362944 	 5.815358 	 0.000000 
( 6,  7) 	 0.000000 	 0.000000 	 0.000000 	 0.000000 
( 6,  8) 	 0.000000 	 0.000000 	 0.000000 	 0.000000 
( 6,  9) 	 0.000000 	 0.000000 	 0.000000 	 0.000000 
( 7,  0) 	 0.000000 	 0.000000 	 0.000000 	 0.000000 
( 7,  1) 	 0.000000 	 0.000000 	 0.000000 	 0.000000 
( 7,  2) 	 0.000000 	 7.006300 	 0.000000 	 0.000000 
( 7,  3) 	 0.000000 	 0.000000 	 0.000000 	 0.000000 
( 7,  4) 	 0.000000 	 0.000671 	 1.217558 	 0.000000 
( 7,  5) 	 0.000000 	 0.000000 	 10.076041 	 0.000000 
( 7,  6) 	 0.000000 	 6.325805 	 4.969036 	 0.000000 
( 7,  7) 	 0.000000 	 0.000000 	 0.000000 	 0.000000 
( 7,  8) 	 0.000000 	 0.000000 	 0.000000 	 0.000000 
( 7,  9) 	 0.000000 	 0.000000 	 0.000000 	 0.000000 
( 8,  0) 	 0.000000 	 0.000000 	 1.092861 	 0.000000 
( 8,  1) 	 -0.000604 	 0.000000 	 5.799277 	 0.000000 
( 8,  2) 	 0.000000 	 6.524041 	 0.000000 	 0.000000 
( 8,  3) 	 0.000000 	 0.000000 	 0.000000 	 0.000000 
( 8,  4) 	 0.000000 	 0.000000 	 0.000000 	 0.000000 
( 8,  5) 	 0.000000 	 0.000000 	 0.000000 	 0.000000 
( 8,  6) 	 0.000000 	 0.000000 	 0.000000 	 0.000000 
( 8,  7) 	 0.000000 	 0.000000 	 0.000000 	 0.000000 
( 8,  8) 	 0.000000 	 0.000000 	 0.000000 	 0.000000 
( 8,  9) 	 0.000000 	 0.000000 	 0.000000 	 0.000000 
( 9,  0) 	 0.000000 	 0.000000 	 0.000000 	 0.000000 
( 9,  1) 	 0.000000 	 0.000000 	 0.000000 	 0.000000 
( 9,  2) 	 0.000000 	 1.148560 	 0.000000 	 0.000000 
( 9,  3) 	 0.000000 	 0.000000 	 0.000000 	 0.000000 
( 9,  4) 	 0.000000 	 0.000000 	 0.000000 	 0.000000 
( 9,  5) 	 0.000000 	 0.000000 	 0.000000 	 0.000000 
( 9,  6) 	 0.000000 	 0.000000 	 0.000000 	 0.000000 
( 9,  7) 	 0.000000 	 0.000000 	 0.000000 	 0.000000 
( 9,  8) 	 0.000000 	 0.000000 	 0.000000 	 0.000000 
( 9,  9) 	 0.000000 	 0.000000 	 0.000000 	 0.000000 
