State 	 Left 	 Up 	 Right 	 Down 
( 0,  0) 	 0.000000 	 0.000000 	 0.000000 	 4.353844 
( 0,  1) 	 0.000000 	 0.000000 	 0.000000 	 0.000000 
( 0,  2) 	 0.000000 	 0.000000 	 0.000000 	 0.000000 
( 0,  3) 	 0.000000 	 0.000000 	 0.000000 	 0.000000 
( 0,  4) 	 0.000000 	 0.000000 	 0.000000 	 0.000000 
( 0,  5) 	 0.000000 	 9.551449 	 9.500702 	 0.000000 
( 0,  6) 	 0.000000 	 8.935668 	 10.563432 	 0.000000 
( 0,  7) 	 0.000000 	 10.588531 	 11.170443 	 0.000000 
( 0,  8) 	 0.000000 	 10.338724 	 0.000000 	 11.876998 
( 0,  9) 	 0.000000 	 0.000000 	 0.000000 	 0.000000 
( 1,  0) 	 0.000000 	 0.000000 	 5.027785 	 0.000000 
( 1,  1) 	 0.000000 	 0.000000 	 5.769262 	 0.000000 
( 1,  2) 	 0.000000 	 0.000000 	 6.385790 	 0.000000 
( 1,  3) 	 -0.601362 	 0.000000 	 6.976824 	 0.000000 
( 1,  4) 	 0.000000 	 0.000000 	 7.361561 	 0.000000 
( 1,  5) 	 0.000000 	 13.671933 	 0.000000 	 0.000000 
( 1,  6) 	 0.000000 	 0.000000 	 0.000000 	 0.000000 
( 1,  7) 	 0.000000 	 0.000000 	 0.000000 	 0.000000 
( 1,  8) 	 0.000000 	 0.000000 	 0.000000 	 0.000000 
( 1,  9) 	 0.000000 	 0.000000 	 0.000000 	 0.000000 
( 2,  0) 	 0.000000 	 0.000000 	 0.000000 	 0.000000 
( 2,  1) 	 0.000000 	 0.000000 	 0.000000 	 0.000000 
( 2,  2) 	 0.000000 	 0.000000 	 0.000000 	 0.000000 
( 2,  3) 	 0.000000 	 0.000000 	 0.000000 	 0.000000 
( 2,  4) 	 0.000000 	 0.000000 	 0.000000 	 0.000000 
( 2,  5) 	 0.000000 	 11.341961 	 0.000000 	 0.000000 
( 2,  6) 	 0.000000 	 0.000000 	 0.000000 	 0.000000 
( 2,  7) 	 0.000000 	 0.000000 	 0.000000 	 0.000000 
( 2,  8) 	 0.000000 	 0.000000 	 0.000000 	 0.000000 
( 2,  9) 	 0.000000 	 0.000000 	 0.000000 	 0.000000 
( 3,  0) 	 0.000000 	 0.000000 	 0.000000 	 0.000000 
( 3,  1) 	 0.000000 	 0.000000 	 0.000000 	 0.000000 
( 3,  2) 	 0.000000 	 0.000000 	 0.000000 	 0.000000 
( 3,  3) 	 0.000000 	 0.000000 	 0.000000 	 0.000000 
( 3,  4) 	 0.000000 	 0.000000 	 0.000000 	 0.000000 
( 3,  5) 	 0.000000 	 10.536376 	 0.000000 	 0.000000 
( 3,  6) 	 4.864639 	 3.677925 	 0.000000 	 0.000000 
( 3,  7) 	 0.000000 	 0.000000 	 0.000000 	 0.000000 
( 3,  8) 	 0.000000 	 0.000000 	 0.000000 	 0.000000 
( 3,  9) 	 0.000000 	 0.000000 	 0.000000 	 0.000000 
( 4,  0) 	 0.000000 	 0.000000 	 0.000000 	 0.000000 
( 4,  1) 	 0.000000 	 0.000000 	 0.000000 	 0.000000 
( 4,  2) 	 0.000000 	 0.000000 	 0.000000 	 0.000000 
( 4,  3) 	 0.000000 	 0.000000 	 0.000000 	 0.000000 
( 4,  4) 	 0.000000 	 0.000000 	 0.000000 	 0.000000 
( 4,  5) 	 0.000000 	 1.135671 	 0.000000 	 0.000000 
( 4,  6) 	 0.000000 	 9.575986 	 0.000000 	 0.000000 
( 4,  7) 	 0.000000 	 0.000000 	 0.000000 	 0.000000 
( 4,  8) 	 0.000000 	 0.000000 	 0.000000 	 0.000000 
( 4,  9) 	 0.000000 	 0.000000 	 0.000000 	 0.000000 
( 5,  0) 	 0.000000 	 0.000000 	 0.000000 	 0.000000 
( 5,  1) 	 0.000000 	 0.000000 	 0.000000 	 0.000000 
( 5,  2) 	 0.000000 	 0.000000 	 4.209376 	 0.000000 
( 5,  3) 	 0.000000 	 0.000000 	 4.802349 	 0.000000 
( 5,  4) 	 0.000000 	 0.000000 	 5.174545 	 -0.000604 
( 5,  5) 	 0.000000 	 0.000000 	 5.567008 	 0.000000 
( 5,  6) 	 0.000000 	 8.929195 	 0.000000 	 0.000000 
( 5,  7) 	 0.000000 	 0.000000 	 0.000000 	 0.000000 
( 5,  8) 	 0.000000 	 0.000000 	 0.000000 	 0.000000 
( 5,  9) 	 0.000000 	 0.000000 	 0.000000 	 0.000000 
( 6,  0) 	 0.000000 	 0.000000 	 0.000000 	 0.000000 
( 6,  1) 	 0.000000 	 0.000000 	 0.000000 	 0.000000 
( 6,  2) 	 0.000000 	 3.927395 	 0.000000 	 0.000000 
( 6,  3) 	 0.000000 	 0.000000 	 0.000000 	 0.000000 
( 6,  4) 	 0.000000 	 0.000000 	 0.000000 	 0.985920 
( 6,  5) 	 0.000000 	 0.000000 	 0.000000 	 0.000000 
( 6,  6) 	 0.000000 	 6.119040 	 0.000000 	 0.000000 
( 6,  7) 	 0.000000 	 0.000000 	 0.000000 	 0.000000 
( 6,  8) 	 0.000000 	 0.000000 	 0.000000 	 0.000000 
( 6,  9) 	 0.000000 	 0.000000 	 0.000000 	 0.000000 
( 7,  0) 	 0.000000 	 0.000000 	 0.000000 	 0.000000 
( 7,  1) 	 0.000000 	 0.000000 	 0.000000 	 0.000000 
( 7,  2) 	 0.000000 	 3.926563 	 0.000000 	 0.000000 
( 7,  3) 	 0.000000 	 0.000000 	 0.000000 	 0.000000 
( 7,  4) 	 0.000000 	 0.000671 	 1.217558 	 0.000000 
( 7,  5) 	 0.000000 	 0.000000 	 4.637785 	 0.000000 
( 7,  6) 	 0.000000 	 5.280680 	 0.000000 	 0.000000 
( 7,  7) 	 0.000000 	 0.000000 	 0.000000 	 0.000000 
( 7,  8) 	 0.000000 	 0.000000 	 0.000000 	 0.000000 
( 7,  9) 	 0.000000 	 0.000000 	 0.000000 	 0.000000 
( 8,  0) 	 0.000000 	 0.000000 	 0.000000 	 0.000000 
( 8,  1) 	 0.000000 	 0.000000 	 2.977859 	 0.000000 
( 8,  2) 	 0.000000 	 3.427282 	 0.000000 	 0.000000 
( 8,  3) 	 0.000000 	 0.000000 	 0.000000 	 0.000000 
( 8,  4) 	 0.000000 	 0.000000 	 0.000000 	 0.000000 
( 8,  5) 	 0.000000 	 0.000000 	 0.000000 	 0.000000 
( 8,  6) 	 0.000000 	 0.000000 	 0.000000 	 0.000000 
( 8,  7) 	 0.000000 	 0.000000 	 0.000000 	 0.000000 
( 8,  8) 	 0.000000 	 0.000000 	 0.000000 	 0.000000 
( 8,  9) 	 0.000000 	 0.000000 	 0.000000 	 0.000000 
( 9,  0) 	 0.000000 	 0.000000 	 0.000000 	 0.000000 
( 9,  1) 	 0.000000 	 0.000000 	 0.000000 	 0.000000 
( 9,  2) 	 0.000000 	 0.000000 	 0.000000 	 0.000000 
( 9,  3) 	 0.000000 	 0.000000 	 0.000000 	 0.000000 
( 9,  4) 	 0.000000 	 0.000000 	 0.000000 	 0.000000 
( 9,  5) 	 0.000000 	 0.000000 	 0.000000 	 0.000000 
( 9,  6) 	 0.000000 	 0.000000 	 0.000000 	 0.000000 
( 9,  7) 	 0.000000 	 0.000000 	 0.000000 	 0.000000 
( 9,  8) 	 0.000000 	 0.000000 	 0.000000 	 0.000000 
( 9,  9) 	 0.000000 	 0.000000 	 0.000000 	 0.000000 
