State 	 Left 	 Up 	 Right 	 Down 
( 0,  0) 	 0.000000 	 0.000000 	 0.000000 	 3.815726 
( 0,  1) 	 0.000000 	 0.000000 	 0.000000 	 0.000000 
( 0,  2) 	 0.000000 	 0.000000 	 0.000000 	 0.000000 
( 0,  3) 	 0.000000 	 0.000000 	 0.000000 	 0.000000 
( 0,  4) 	 0.000000 	 0.000000 	 0.000000 	 0.000000 
( 0,  5) 	 0.000000 	 1.571505 	 8.498996 	 0.000000 
( 0,  6) 	 0.000000 	 0.000000 	 9.442195 	 0.000000 
( 0,  7) 	 0.000000 	 -0.950136 	 0.000000 	 10.449600 
( 0,  8) 	 0.000000 	 0.000000 	 0.000000 	 0.000000 
( 0,  9) 	 0.000000 	 0.000000 	 0.000000 	 0.000000 
( 1,  0) 	 0.000000 	 0.000000 	 4.249401 	 0.135335 
( 1,  1) 	 0.000000 	 0.000000 	 4.940594 	 0.000000 
( 1,  2) 	 0.000000 	 0.000000 	 5.443013 	 0.000000 
( 1,  3) 	 0.000000 	 0.000000 	 6.655830 	 0.000000 
( 1,  4) 	 0.000000 	 0.000000 	 7.060510 	 0.000000 
( 1,  5) 	 0.000000 	 7.541001 	 0.000000 	 0.000000 
( 1,  6) 	 0.000000 	 0.000000 	 0.000000 	 0.000000 
( 1,  7) 	 0.000000 	 0.000000 	 11.630420 	 0.000000 
( 1,  8) 	 0.000000 	 0.000000 	 0.000000 	 0.000000 
( 1,  9) 	 0.000000 	 0.000000 	 0.000000 	 0.000000 
( 2,  0) 	 -0.611359 	 0.000000 	 0.013265 	 0.000000 
( 2,  1) 	 0.000000 	 0.000000 	 0.000000 	 -0.000302 
( 2,  2) 	 0.000000 	 0.000000 	 0.000000 	 0.000000 
( 2,  3) 	 0.000000 	 1.566622 	 0.000000 	 0.000000 
( 2,  4) 	 0.000000 	 0.000000 	 0.000000 	 0.000000 
( 2,  5) 	 0.000000 	 0.000000 	 0.000000 	 0.000000 
( 2,  6) 	 0.000000 	 0.000000 	 0.000000 	 0.000000 
( 2,  7) 	 0.000000 	 0.000000 	 0.000000 	 0.000000 
( 2,  8) 	 0.000000 	 13.868761 	 0.000000 	 0.000000 
( 2,  9) 	 0.000000 	 0.000000 	 0.000000 	 0.000000 
( 3,  0) 	 0.000000 	 0.000000 	 0.000000 	 -0.405000 
( 3,  1) 	 0.000000 	 0.000000 	 0.000000 	 0.000000 
( 3,  2) 	 0.000000 	 0.000000 	 0.000000 	 0.000000 
( 3,  3) 	 0.000000 	 0.000000 	 0.000000 	 0.000000 
( 3,  4) 	 0.000000 	 0.000000 	 0.000000 	 0.000000 
( 3,  5) 	 0.000000 	 0.000000 	 0.000000 	 0.000000 
( 3,  6) 	 0.000000 	 0.000000 	 0.000000 	 0.000000 
( 3,  7) 	 0.000000 	 0.000000 	 0.000000 	 0.000000 
( 3,  8) 	 0.000000 	 13.287412 	 0.000000 	 0.000000 
( 3,  9) 	 9.676810 	 5.061188 	 0.000000 	 0.000000 
( 4,  0) 	 -0.500000 	 -0.000000 	 0.000000 	 0.000000 
( 4,  1) 	 0.000000 	 0.000000 	 0.000000 	 -0.000000 
( 4,  2) 	 0.000000 	 -0.500000 	 -0.405000 	 0.000000 
( 4,  3) 	 -0.405000 	 -0.000000 	 -0.500000 	 -0.000000 
( 4,  4) 	 0.000000 	 0.000000 	 0.000000 	 0.000000 
( 4,  5) 	 0.000000 	 0.000000 	 0.000000 	 0.000000 
( 4,  6) 	 0.000000 	 0.000000 	 0.000000 	 0.000000 
( 4,  7) 	 0.000000 	 0.000000 	 0.000000 	 0.000000 
( 4,  8) 	 0.000000 	 0.000000 	 0.000000 	 0.000000 
( 4,  9) 	 0.000000 	 13.007460 	 0.000000 	 0.000000 
( 5,  0) 	 0.000000 	 -0.000000 	 0.000000 	 0.000000 
( 5,  1) 	 -0.000000 	 0.000000 	 0.000000 	 0.000000 
( 5,  2) 	 0.000000 	 -0.000000 	 0.000000 	 0.000000 
( 5,  3) 	 -0.000000 	 0.000000 	 0.000000 	 0.000000 
( 5,  4) 	 0.000000 	 0.000000 	 0.000000 	 0.000000 
( 5,  5) 	 0.000000 	 0.000000 	 0.000000 	 0.000000 
( 5,  6) 	 0.000000 	 0.000000 	 0.000000 	 0.000000 
( 5,  7) 	 0.000000 	 0.000000 	 0.000000 	 0.000000 
( 5,  8) 	 0.000000 	 3.863861 	 7.560785 	 0.000000 
( 5,  9) 	 0.000000 	 12.391579 	 0.000000 	 0.000000 
( 6,  0) 	 0.000000 	 0.000000 	 0.000000 	 0.000000 
( 6,  1) 	 0.000000 	 0.000000 	 0.000000 	 0.000000 
( 6,  2) 	 0.000000 	 0.000000 	 0.000000 	 0.000000 
( 6,  3) 	 0.000000 	 0.000000 	 0.000000 	 0.000000 
( 6,  4) 	 0.000000 	 0.000000 	 0.000000 	 0.000000 
( 6,  5) 	 0.000000 	 0.000000 	 0.000000 	 0.000000 
( 6,  6) 	 0.000000 	 0.000000 	 0.000000 	 0.000000 
( 6,  7) 	 0.000000 	 0.000000 	 0.000000 	 0.000000 
( 6,  8) 	 0.000000 	 10.598511 	 0.135335 	 0.000000 
( 6,  9) 	 2.461331 	 0.000000 	 -0.499665 	 0.000000 
( 7,  0) 	 0.000000 	 0.000000 	 0.000000 	 0.000000 
( 7,  1) 	 0.000000 	 0.000000 	 0.000000 	 0.000000 
( 7,  2) 	 0.000000 	 0.000000 	 0.000000 	 0.000000 
( 7,  3) 	 0.000000 	 0.000000 	 0.000704 	 0.000000 
( 7,  4) 	 -0.121231 	 0.000000 	 0.833736 	 0.000000 
( 7,  5) 	 0.000000 	 0.000000 	 4.288230 	 0.135335 
( 7,  6) 	 0.000000 	 0.000000 	 0.000000 	 4.693009 
( 7,  7) 	 0.000000 	 0.000000 	 0.000000 	 0.000000 
( 7,  8) 	 0.000000 	 10.902283 	 0.000000 	 0.000000 
( 7,  9) 	 0.000000 	 0.000000 	 0.000000 	 0.000000 
( 8,  0) 	 0.000000 	 0.000000 	 0.000000 	 0.000000 
( 8,  1) 	 0.000000 	 0.000000 	 1.654270 	 0.000000 
( 8,  2) 	 0.000000 	 0.000000 	 1.789826 	 0.000000 
( 8,  3) 	 0.000000 	 0.000000 	 0.000000 	 1.662331 
( 8,  4) 	 0.000000 	 0.000000 	 0.000000 	 0.000000 
( 8,  5) 	 0.000000 	 3.091714 	 0.922538 	 0.000000 
( 8,  6) 	 0.000000 	 2.425039 	 5.544474 	 0.000000 
( 8,  7) 	 0.000000 	 2.637633 	 6.062130 	 0.000000 
( 8,  8) 	 0.000000 	 10.197171 	 0.000000 	 0.000000 
( 8,  9) 	 0.000000 	 0.000000 	 0.000000 	 0.000000 
( 9,  0) 	 0.000000 	 0.000000 	 0.000000 	 0.000000 
( 9,  1) 	 0.000000 	 0.000000 	 0.000000 	 0.000000 
( 9,  2) 	 0.000000 	 0.000000 	 0.000000 	 0.000000 
( 9,  3) 	 0.000000 	 0.000000 	 1.906858 	 0.000000 
( 9,  4) 	 0.000000 	 0.000000 	 2.100669 	 0.000000 
( 9,  5) 	 0.000000 	 2.273218 	 0.000000 	 0.000000 
( 9,  6) 	 0.000000 	 0.000000 	 0.000000 	 0.000000 
( 9,  7) 	 0.000000 	 0.000000 	 0.000000 	 0.000000 
( 9,  8) 	 0.000000 	 0.000000 	 0.000000 	 0.000000 
( 9,  9) 	 0.000000 	 0.000000 	 0.000000 	 0.000000 
