State 	 Left 	 Up 	 Right 	 Down 
( 0,  0) 	 0.000000 	 0.000000 	 0.000000 	 9.760189 
( 0,  1) 	 0.000000 	 0.000000 	 0.000000 	 0.000000 
( 0,  2) 	 0.000000 	 0.000000 	 0.000000 	 0.000000 
( 0,  3) 	 0.000000 	 -0.622708 	 0.000000 	 2.616596 
( 0,  4) 	 0.000000 	 0.000000 	 0.000000 	 0.000000 
( 0,  5) 	 0.000000 	 5.553205 	 14.807838 	 5.490313 
( 0,  6) 	 0.000000 	 5.006891 	 15.608373 	 5.027942 
( 0,  7) 	 0.000000 	 4.902874 	 9.663504 	 13.514408 
( 0,  8) 	 0.000000 	 0.000000 	 0.000000 	 0.000000 
( 0,  9) 	 0.000000 	 0.000000 	 0.000000 	 0.000000 
( 1,  0) 	 0.000000 	 0.000000 	 8.360904 	 3.381921 
( 1,  1) 	 0.000000 	 0.000000 	 9.314455 	 3.140453 
( 1,  2) 	 0.000000 	 0.000000 	 10.039694 	 4.293299 
( 1,  3) 	 0.000000 	 -0.122372 	 12.845852 	 4.442188 
( 1,  4) 	 0.000000 	 0.000000 	 13.435203 	 3.994429 
( 1,  5) 	 0.000000 	 11.294091 	 7.803270 	 5.230245 
( 1,  6) 	 0.000000 	 0.000000 	 0.000000 	 0.000000 
( 1,  7) 	 0.000000 	 7.907900 	 16.280104 	 5.905332 
( 1,  8) 	 0.000000 	 0.000000 	 0.000000 	 0.000000 
( 1,  9) 	 0.000000 	 0.000000 	 0.000000 	 0.000000 
( 2,  0) 	 -0.611359 	 0.000000 	 -0.151507 	 0.000000 
( 2,  1) 	 0.000000 	 2.093318 	 -0.227988 	 -0.000302 
( 2,  2) 	 0.000000 	 0.000000 	 0.000000 	 0.000000 
( 2,  3) 	 0.000000 	 1.566622 	 3.637285 	 0.000000 
( 2,  4) 	 0.000000 	 5.411442 	 0.000000 	 0.000000 
( 2,  5) 	 0.000000 	 7.402100 	 0.000000 	 0.000000 
( 2,  6) 	 0.000000 	 0.000000 	 0.000000 	 0.000000 
( 2,  7) 	 0.000000 	 0.000000 	 0.000000 	 0.000000 
( 2,  8) 	 5.891799 	 13.999947 	 6.014272 	 0.000000 
( 2,  9) 	 0.000000 	 0.000000 	 0.000000 	 0.000000 
( 3,  0) 	 0.000000 	 0.000000 	 0.000000 	 -0.405000 
( 3,  1) 	 0.000000 	 0.000000 	 0.000000 	 0.000000 
( 3,  2) 	 0.000000 	 0.000000 	 0.000000 	 0.000000 
( 3,  3) 	 0.000000 	 0.000000 	 6.454957 	 0.000000 
( 3,  4) 	 -0.531058 	 4.793696 	 -0.606051 	 -0.499966 
( 3,  5) 	 0.000000 	 5.794100 	 0.000000 	 0.000000 
( 3,  6) 	 0.000000 	 0.000000 	 0.000000 	 0.000000 
( 3,  7) 	 0.000000 	 0.000000 	 0.000000 	 0.000000 
( 3,  8) 	 5.745453 	 13.340328 	 5.392110 	 0.000000 
( 3,  9) 	 12.231098 	 5.061188 	 4.972507 	 0.000000 
( 4,  0) 	 -0.500000 	 -0.000000 	 0.000000 	 0.000000 
( 4,  1) 	 0.000000 	 0.000000 	 0.000000 	 -0.000000 
( 4,  2) 	 0.000000 	 -0.500000 	 0.003075 	 -0.444050 
( 4,  3) 	 -1.310701 	 3.202242 	 3.003388 	 -1.769489 
( 4,  4) 	 0.000000 	 0.000000 	 0.000000 	 0.000000 
( 4,  5) 	 0.000000 	 3.892473 	 0.000000 	 0.000000 
( 4,  6) 	 0.000000 	 0.000000 	 0.000000 	 0.000000 
( 4,  7) 	 0.000000 	 0.000000 	 0.000000 	 0.000000 
( 4,  8) 	 0.000000 	 0.000000 	 0.000000 	 0.000000 
( 4,  9) 	 4.762481 	 11.743177 	 4.595793 	 0.000000 
( 5,  0) 	 0.000000 	 -0.000000 	 0.000000 	 0.000000 
( 5,  1) 	 -0.000000 	 0.000000 	 0.000000 	 0.000000 
( 5,  2) 	 0.000000 	 0.373564 	 0.000000 	 0.000000 
( 5,  3) 	 -0.123546 	 0.302979 	 1.907763 	 -0.069997 
( 5,  4) 	 1.950871 	 -0.960418 	 -0.632820 	 -0.629717 
( 5,  5) 	 0.000000 	 3.439140 	 0.000000 	 0.000000 
( 5,  6) 	 0.000000 	 0.000000 	 -0.061003 	 -0.000268 
( 5,  7) 	 0.178633 	 -0.485728 	 0.000000 	 -0.177760 
( 5,  8) 	 4.103908 	 3.863861 	 12.905343 	 0.000000 
( 5,  9) 	 4.418803 	 11.059126 	 4.389125 	 1.461761 
( 6,  0) 	 0.000000 	 0.000000 	 0.000000 	 0.000000 
( 6,  1) 	 0.000000 	 0.000000 	 0.000000 	 0.000000 
( 6,  2) 	 0.000000 	 0.727332 	 0.000000 	 0.000000 
( 6,  3) 	 0.000000 	 1.263902 	 -0.632956 	 0.000000 
( 6,  4) 	 0.000000 	 2.289729 	 0.000000 	 0.000000 
( 6,  5) 	 0.000000 	 0.000000 	 0.000000 	 0.000000 
( 6,  6) 	 0.803104 	 0.000000 	 0.000000 	 1.440779 
( 6,  7) 	 0.000000 	 -0.169332 	 0.000000 	 0.000000 
( 6,  8) 	 3.039098 	 10.839258 	 4.280337 	 0.000000 
( 6,  9) 	 3.791712 	 0.000000 	 -0.499665 	 0.000000 
( 7,  0) 	 0.000000 	 0.000000 	 0.000000 	 0.000000 
( 7,  1) 	 0.000000 	 0.000000 	 3.137097 	 0.000000 
( 7,  2) 	 0.000000 	 0.673022 	 1.424557 	 0.000000 
( 7,  3) 	 -0.436215 	 0.486258 	 2.492143 	 0.311149 
( 7,  4) 	 2.746582 	 1.218194 	 2.078657 	 -0.745359 
( 7,  5) 	 7.290989 	 0.000000 	 5.824653 	 0.778771 
( 7,  6) 	 2.853489 	 0.000000 	 2.963974 	 4.986742 
( 7,  7) 	 0.000000 	 0.000000 	 0.000000 	 0.000000 
( 7,  8) 	 3.535864 	 10.424175 	 3.786712 	 0.000000 
( 7,  9) 	 0.000000 	 1.135773 	 0.000000 	 0.000000 
( 8,  0) 	 0.000000 	 0.000000 	 0.000000 	 0.000000 
( 8,  1) 	 0.000000 	 1.989148 	 3.032985 	 0.000335 
( 8,  2) 	 0.000000 	 0.000000 	 2.755371 	 0.000000 
( 8,  3) 	 0.618773 	 0.024662 	 -0.190923 	 2.320915 
( 8,  4) 	 0.000000 	 0.000000 	 0.000000 	 0.000000 
( 8,  5) 	 0.000000 	 3.153139 	 2.225605 	 0.000000 
( 8,  6) 	 2.898541 	 2.425039 	 10.393309 	 0.000000 
( 8,  7) 	 3.114128 	 2.637633 	 10.608288 	 0.000000 
( 8,  8) 	 3.317499 	 9.540617 	 3.674409 	 0.000000 
( 8,  9) 	 0.000000 	 0.000000 	 0.000000 	 0.000000 
( 9,  0) 	 0.000000 	 0.000000 	 0.000000 	 0.000000 
( 9,  1) 	 0.000000 	 0.000000 	 0.135738 	 0.000000 
( 9,  2) 	 0.000000 	 0.000000 	 0.658950 	 0.000000 
( 9,  3) 	 0.230313 	 -0.006357 	 2.650411 	 -0.114394 
( 9,  4) 	 -0.035590 	 0.000000 	 2.716400 	 -0.472015 
( 9,  5) 	 0.008727 	 2.793388 	 0.065082 	 -0.774699 
( 9,  6) 	 0.171268 	 0.000000 	 0.000000 	 -0.622070 
( 9,  7) 	 0.000000 	 0.000000 	 0.000000 	 0.000000 
( 9,  8) 	 0.000000 	 0.000000 	 0.000000 	 0.000000 
( 9,  9) 	 0.000000 	 0.000000 	 0.000000 	 0.000000 
