State 	 Left 	 Up 	 Right 	 Down 
( 0,  0) 	 0.000000 	 0.000000 	 0.000000 	 2.248912 
( 0,  1) 	 0.000000 	 0.000000 	 0.000000 	 0.000000 
( 0,  2) 	 0.000000 	 0.000000 	 0.000000 	 0.000000 
( 0,  3) 	 0.000000 	 0.000000 	 0.000000 	 0.000000 
( 0,  4) 	 0.000000 	 0.000000 	 0.000000 	 0.000000 
( 0,  5) 	 0.000000 	 0.000000 	 0.000000 	 0.000000 
( 0,  6) 	 0.000000 	 0.000000 	 0.000000 	 0.000000 
( 0,  7) 	 0.000000 	 0.000000 	 0.000000 	 0.000000 
( 0,  8) 	 0.000000 	 0.000000 	 0.000000 	 0.000000 
( 0,  9) 	 0.000000 	 0.000000 	 0.000000 	 0.000000 
( 1,  0) 	 0.000000 	 0.000000 	 2.338907 	 0.000000 
( 1,  1) 	 0.000000 	 0.000000 	 0.000000 	 2.713313 
( 1,  2) 	 0.000000 	 0.000000 	 0.000000 	 0.000000 
( 1,  3) 	 0.000000 	 0.000000 	 0.000000 	 0.000000 
( 1,  4) 	 0.000000 	 0.000000 	 0.000000 	 0.000000 
( 1,  5) 	 0.000000 	 0.000000 	 0.000000 	 0.000000 
( 1,  6) 	 0.000000 	 0.000000 	 0.000000 	 0.000000 
( 1,  7) 	 0.000000 	 0.000000 	 5.878198 	 0.000000 
( 1,  8) 	 0.000000 	 0.000000 	 0.000000 	 0.000000 
( 1,  9) 	 13.797314 	 0.000000 	 0.000000 	 0.000000 
( 2,  0) 	 0.000000 	 0.000000 	 0.000000 	 0.000000 
( 2,  1) 	 0.000000 	 0.000000 	 0.000000 	 3.110239 
( 2,  2) 	 0.000000 	 0.000000 	 0.000000 	 0.000000 
( 2,  3) 	 0.000000 	 0.000000 	 0.000000 	 0.000000 
( 2,  4) 	 0.000000 	 0.000000 	 0.000000 	 0.000000 
( 2,  5) 	 0.000000 	 0.000000 	 0.000000 	 0.000000 
( 2,  6) 	 0.000000 	 0.000000 	 0.000000 	 0.000000 
( 2,  7) 	 0.000000 	 1.135671 	 0.000000 	 0.000000 
( 2,  8) 	 0.000000 	 0.000000 	 0.000000 	 0.000000 
( 2,  9) 	 0.000000 	 13.380454 	 0.000000 	 0.000000 
( 3,  0) 	 0.000000 	 0.000000 	 0.000000 	 0.000000 
( 3,  1) 	 0.000000 	 0.000000 	 0.000000 	 2.998693 
( 3,  2) 	 0.000000 	 0.000000 	 0.000000 	 0.000000 
( 3,  3) 	 0.000000 	 0.000000 	 7.847123 	 0.000000 
( 3,  4) 	 -0.570844 	 0.000000 	 8.694470 	 0.000000 
( 3,  5) 	 0.000000 	 0.000000 	 8.521446 	 0.000000 
( 3,  6) 	 0.000000 	 0.000000 	 0.135704 	 8.911300 
( 3,  7) 	 1.098926 	 1.000034 	 0.000000 	 0.000000 
( 3,  8) 	 2.317776 	 0.000000 	 0.000000 	 0.000000 
( 3,  9) 	 0.877628 	 13.325812 	 3.093309 	 0.000000 
( 4,  0) 	 0.000000 	 0.000000 	 0.000000 	 0.000000 
( 4,  1) 	 0.000000 	 0.000000 	 3.171139 	 0.000000 
( 4,  2) 	 0.000000 	 1.939472 	 7.071428 	 0.000000 
( 4,  3) 	 0.000000 	 7.041308 	 0.000000 	 0.000000 
( 4,  4) 	 0.000000 	 0.000000 	 0.000000 	 0.000000 
( 4,  5) 	 0.000000 	 0.000000 	 2.515822 	 0.000000 
( 4,  6) 	 -0.244207 	 0.000000 	 0.000000 	 9.733823 
( 4,  7) 	 0.000000 	 0.000000 	 0.000000 	 0.000000 
( 4,  8) 	 0.000000 	 0.000000 	 0.000000 	 0.000000 
( 4,  9) 	 2.806408 	 15.800792 	 0.000000 	 0.000000 
( 5,  0) 	 0.000000 	 0.000000 	 4.241234 	 0.000000 
( 5,  1) 	 0.000000 	 0.000000 	 4.779118 	 0.000000 
( 5,  2) 	 0.000000 	 4.553486 	 0.000000 	 0.000000 
( 5,  3) 	 0.000000 	 0.000000 	 0.000000 	 0.000000 
( 5,  4) 	 0.000000 	 0.000000 	 0.000000 	 0.000000 
( 5,  5) 	 0.000000 	 0.000000 	 0.000000 	 0.000000 
( 5,  6) 	 0.000000 	 0.000000 	 10.261382 	 0.000000 
( 5,  7) 	 0.000000 	 0.000000 	 11.656694 	 0.000000 
( 5,  8) 	 0.000000 	 0.000000 	 13.572119 	 0.000000 
( 5,  9) 	 0.000000 	 14.536375 	 0.000000 	 0.000000 
( 6,  0) 	 0.000000 	 4.002104 	 0.000000 	 0.000000 
( 6,  1) 	 0.000000 	 0.000000 	 0.000000 	 0.000000 
( 6,  2) 	 0.000000 	 0.000000 	 0.000000 	 0.000000 
( 6,  3) 	 0.000000 	 0.000000 	 0.000000 	 0.000000 
( 6,  4) 	 0.000000 	 0.000000 	 0.000000 	 0.000000 
( 6,  5) 	 0.000000 	 0.000000 	 0.000000 	 0.000000 
( 6,  6) 	 0.000000 	 0.000000 	 0.000000 	 0.000000 
( 6,  7) 	 0.000000 	 0.000000 	 0.000000 	 0.000000 
( 6,  8) 	 0.000000 	 8.788205 	 0.000000 	 0.000000 
( 6,  9) 	 0.000000 	 0.000000 	 0.000000 	 0.000000 
( 7,  0) 	 0.000000 	 3.770121 	 0.000000 	 0.000000 
( 7,  1) 	 3.358299 	 0.000000 	 0.000000 	 0.000000 
( 7,  2) 	 0.000000 	 0.000000 	 0.000000 	 0.000000 
( 7,  3) 	 0.000000 	 0.000000 	 0.000000 	 0.000000 
( 7,  4) 	 0.000000 	 0.000000 	 0.000000 	 0.000000 
( 7,  5) 	 0.000000 	 0.000000 	 4.737169 	 0.000000 
( 7,  6) 	 0.000000 	 0.000000 	 0.000000 	 5.191027 
( 7,  7) 	 0.000000 	 0.000000 	 0.000000 	 0.000000 
( 7,  8) 	 0.000000 	 8.135180 	 0.000000 	 1.656770 
( 7,  9) 	 0.000000 	 0.000000 	 0.000000 	 0.000000 
( 8,  0) 	 -0.743570 	 0.000000 	 0.357641 	 -0.000000 
( 8,  1) 	 0.135335 	 3.143304 	 0.000000 	 0.000000 
( 8,  2) 	 0.000000 	 0.000000 	 0.000000 	 0.000000 
( 8,  3) 	 0.000000 	 0.000000 	 0.000000 	 0.000000 
( 8,  4) 	 0.000000 	 0.000000 	 0.000000 	 0.000000 
( 8,  5) 	 0.000000 	 0.000000 	 0.000000 	 0.000000 
( 8,  6) 	 0.000000 	 0.000000 	 5.984800 	 0.000000 
( 8,  7) 	 0.000000 	 0.000000 	 6.598534 	 0.000000 
( 8,  8) 	 0.000000 	 7.814038 	 0.000000 	 0.000000 
( 8,  9) 	 0.000000 	 0.000000 	 0.000000 	 0.000000 
( 9,  0) 	 0.000000 	 0.000671 	 0.000000 	 0.000000 
( 9,  1) 	 0.000000 	 0.000000 	 0.000000 	 0.000000 
( 9,  2) 	 0.000000 	 0.000000 	 0.000000 	 0.000000 
( 9,  3) 	 0.000000 	 0.000000 	 0.000000 	 0.000000 
( 9,  4) 	 0.000000 	 0.000000 	 0.000000 	 0.000000 
( 9,  5) 	 0.000000 	 0.000000 	 0.000000 	 0.000000 
( 9,  6) 	 0.000000 	 0.000000 	 0.000000 	 0.000000 
( 9,  7) 	 0.000000 	 0.000000 	 0.000000 	 0.000000 
( 9,  8) 	 0.000000 	 0.000000 	 0.000000 	 0.000000 
( 9,  9) 	 0.000000 	 0.000000 	 0.000000 	 0.000000 
