State 	 Left 	 Up 	 Right 	 Down 
( 0,  0) 	 0.000000 	 -2.400000 	 5.108417 	 5.700651 
( 0,  1) 	 0.000000 	 0.000000 	 2.597286 	 3.359673 
( 0,  2) 	 0.000000 	 0.000000 	 0.000000 	 0.000000 
( 0,  3) 	 0.000000 	 0.000000 	 0.000000 	 0.000000 
( 0,  4) 	 0.000000 	 0.000000 	 0.000000 	 0.000000 
( 0,  5) 	 0.000000 	 0.000000 	 11.293309 	 4.216056 
( 0,  6) 	 0.000000 	 0.000000 	 12.835803 	 4.567227 
( 0,  7) 	 0.000000 	 5.118062 	 18.240676 	 4.988481 
( 0,  8) 	 3.454664 	 0.000000 	 5.619998 	 13.223830 
( 0,  9) 	 -0.601794 	 -2.509455 	 -0.597161 	 0.313329 
( 1,  0) 	 1.842817 	 0.000000 	 9.100645 	 0.000000 
( 1,  1) 	 0.000000 	 0.000000 	 9.545950 	 3.612318 
( 1,  2) 	 0.000000 	 0.000000 	 9.689604 	 3.895807 
( 1,  3) 	 0.000000 	 0.000000 	 10.141670 	 3.481115 
( 1,  4) 	 1.810987 	 0.000000 	 10.045645 	 3.711013 
( 1,  5) 	 0.000000 	 7.816058 	 4.364913 	 3.968736 
( 1,  6) 	 0.000000 	 0.000000 	 0.000000 	 0.000000 
( 1,  7) 	 0.000000 	 8.377395 	 16.449077 	 0.000000 
( 1,  8) 	 0.000000 	 0.000000 	 0.000000 	 0.000000 
( 1,  9) 	 5.013869 	 -0.198112 	 -0.226612 	 -0.430923 
( 2,  0) 	 0.000000 	 0.000000 	 0.000000 	 0.000000 
( 2,  1) 	 0.000000 	 0.000000 	 0.000000 	 0.000000 
( 2,  2) 	 0.000000 	 0.000000 	 0.000000 	 0.000000 
( 2,  3) 	 -0.390080 	 0.000000 	 0.135704 	 0.000000 
( 2,  4) 	 0.000000 	 4.079629 	 0.000000 	 -0.000000 
( 2,  5) 	 3.069267 	 0.000000 	 0.000000 	 0.000000 
( 2,  6) 	 0.000000 	 0.000000 	 0.000000 	 0.000000 
( 2,  7) 	 -0.542702 	 8.659707 	 5.531305 	 -0.298862 
( 2,  8) 	 1.548392 	 0.000000 	 5.029738 	 0.000000 
( 2,  9) 	 -1.271859 	 0.188268 	 0.047557 	 0.191519 
( 3,  0) 	 0.000000 	 0.000000 	 0.000000 	 0.000000 
( 3,  1) 	 0.000000 	 0.000000 	 0.000000 	 -0.000000 
( 3,  2) 	 0.000000 	 0.000000 	 0.000000 	 0.000000 
( 3,  3) 	 0.738383 	 -0.122406 	 1.529613 	 -0.000000 
( 3,  4) 	 0.597486 	 1.888328 	 0.000000 	 0.000000 
( 3,  5) 	 -0.000000 	 2.291149 	 0.205119 	 0.506945 
( 3,  6) 	 2.113702 	 -0.500000 	 0.253565 	 -0.328050 
( 3,  7) 	 1.296078 	 -0.430366 	 -0.405546 	 -0.466076 
( 3,  8) 	 -0.029968 	 -2.083927 	 -2.316217 	 -0.500302 
( 3,  9) 	 -4.616175 	 -1.492691 	 -7.032287 	 -4.739078 
( 4,  0) 	 -0.500000 	 0.000000 	 -0.684498 	 0.000000 
( 4,  1) 	 -0.959444 	 -0.000000 	 -0.405000 	 -0.405000 
( 4,  2) 	 -0.092651 	 -0.500000 	 0.000000 	 0.000000 
( 4,  3) 	 0.000000 	 -0.000302 	 -0.500000 	 -0.000000 
( 4,  4) 	 0.000000 	 0.000000 	 0.000000 	 0.000000 
( 4,  5) 	 -0.500000 	 0.165845 	 0.625858 	 0.000000 
( 4,  6) 	 -0.405000 	 0.772664 	 0.000000 	 0.000000 
( 4,  7) 	 0.000000 	 0.000000 	 0.000000 	 0.000000 
( 4,  8) 	 0.000000 	 0.000000 	 0.000000 	 0.000000 
( 4,  9) 	 -2.653871 	 -1.408265 	 -1.501725 	 -5.044712 
( 5,  0) 	 -0.500000 	 0.000000 	 0.000000 	 0.000000 
( 5,  1) 	 0.000000 	 -0.000000 	 0.000000 	 -0.500000 
( 5,  2) 	 0.000000 	 -0.075047 	 -0.000000 	 0.000000 
( 5,  3) 	 -0.000000 	 -0.405000 	 0.000000 	 0.000000 
( 5,  4) 	 0.000000 	 0.000000 	 0.000000 	 0.000000 
( 5,  5) 	 0.000000 	 0.000000 	 0.000000 	 0.000000 
( 5,  6) 	 0.000000 	 0.000000 	 0.000000 	 0.000000 
( 5,  7) 	 0.000000 	 0.000000 	 0.000000 	 0.000000 
( 5,  8) 	 0.000000 	 0.000000 	 6.788070 	 0.000000 
( 5,  9) 	 -0.847855 	 -0.699746 	 -0.920962 	 -4.180444 
( 6,  0) 	 0.000000 	 0.000000 	 0.000000 	 0.000000 
( 6,  1) 	 0.000000 	 0.000000 	 0.000000 	 0.000000 
( 6,  2) 	 0.000000 	 0.000000 	 0.000000 	 0.000000 
( 6,  3) 	 0.000000 	 0.000000 	 0.000000 	 0.000000 
( 6,  4) 	 0.000000 	 0.000000 	 0.000000 	 0.000000 
( 6,  5) 	 0.000000 	 0.000000 	 0.000000 	 0.000000 
( 6,  6) 	 0.000000 	 0.000000 	 9.187898 	 0.000000 
( 6,  7) 	 0.000000 	 0.000000 	 9.001689 	 0.000000 
( 6,  8) 	 -0.139536 	 3.115272 	 7.731170 	 0.000000 
( 6,  9) 	 -1.515034 	 -6.160048 	 -0.889957 	 0.010453 
( 7,  0) 	 0.000000 	 0.000000 	 0.000000 	 0.000000 
( 7,  1) 	 0.000000 	 0.000000 	 0.000000 	 0.000000 
( 7,  2) 	 0.000000 	 0.000000 	 0.000000 	 0.000000 
( 7,  3) 	 0.000000 	 0.000000 	 4.339161 	 0.000000 
( 7,  4) 	 0.000000 	 0.000000 	 5.056723 	 0.000000 
( 7,  5) 	 0.000000 	 0.000000 	 8.687448 	 0.000000 
( 7,  6) 	 0.000000 	 1.334987 	 -1.347013 	 0.000000 
( 7,  7) 	 0.000000 	 0.000000 	 0.000000 	 0.000000 
( 7,  8) 	 -0.869824 	 -0.626247 	 -0.302371 	 -0.149621 
( 7,  9) 	 -1.385116 	 -1.746133 	 -0.727300 	 -0.090760 
( 8,  0) 	 0.000000 	 0.000000 	 0.000000 	 0.000000 
( 8,  1) 	 0.000000 	 0.000000 	 3.497363 	 0.000000 
( 8,  2) 	 0.000000 	 0.000000 	 3.547437 	 0.000000 
( 8,  3) 	 0.000000 	 1.558936 	 1.217979 	 0.000000 
( 8,  4) 	 0.000000 	 0.000000 	 0.000000 	 0.000000 
( 8,  5) 	 0.000000 	 0.000000 	 0.671027 	 0.000000 
( 8,  6) 	 0.000000 	 0.000000 	 0.819142 	 0.000000 
( 8,  7) 	 -0.000431 	 -0.499665 	 -0.273524 	 1.969789 
( 8,  8) 	 -0.223842 	 -0.325978 	 0.578003 	 -0.421487 
( 8,  9) 	 0.711100 	 -1.191442 	 -0.865418 	 -0.235099 
( 9,  0) 	 0.000000 	 0.000000 	 0.000000 	 0.000000 
( 9,  1) 	 0.000000 	 0.000000 	 0.000000 	 0.000000 
( 9,  2) 	 0.000000 	 0.000000 	 0.013869 	 0.000000 
( 9,  3) 	 0.000000 	 0.000000 	 0.000369 	 0.000000 
( 9,  4) 	 0.000000 	 -0.499816 	 0.177927 	 -0.500000 
( 9,  5) 	 -0.405002 	 0.066724 	 0.000000 	 0.000000 
( 9,  6) 	 -0.025077 	 0.000000 	 0.163007 	 -0.500000 
( 9,  7) 	 -0.003030 	 1.596627 	 -0.328050 	 -0.499266 
( 9,  8) 	 -0.083617 	 -0.349301 	 -0.405000 	 -0.500000 
( 9,  9) 	 0.107481 	 -0.290246 	 -0.500000 	 -0.500000 
