State 	 Left 	 Up 	 Right 	 Down 
( 0,  0) 	 0.000000 	 -2.400000 	 5.108417 	 5.623044 
( 0,  1) 	 0.000000 	 0.000000 	 2.597286 	 3.359673 
( 0,  2) 	 0.000000 	 0.000000 	 0.000000 	 0.000000 
( 0,  3) 	 0.000000 	 0.000000 	 0.000000 	 0.000000 
( 0,  4) 	 0.000000 	 0.000000 	 0.000000 	 0.000000 
( 0,  5) 	 0.000000 	 0.000000 	 18.103046 	 4.216056 
( 0,  6) 	 0.000000 	 0.000000 	 19.929185 	 4.567227 
( 0,  7) 	 0.000000 	 5.118062 	 25.624485 	 4.988481 
( 0,  8) 	 3.454664 	 0.000000 	 12.489695 	 14.018450 
( 0,  9) 	 -0.601794 	 -2.509455 	 -0.597161 	 0.313329 
( 1,  0) 	 1.842817 	 0.000000 	 9.071875 	 0.000000 
( 1,  1) 	 0.000000 	 0.000000 	 9.489618 	 3.612318 
( 1,  2) 	 0.000000 	 0.000000 	 9.674224 	 3.895807 
( 1,  3) 	 0.000000 	 0.000000 	 10.181035 	 3.481115 
( 1,  4) 	 1.810987 	 0.000000 	 14.567649 	 3.711013 
( 1,  5) 	 0.000000 	 8.287018 	 8.031933 	 3.968736 
( 1,  6) 	 0.000000 	 0.000000 	 0.000000 	 0.000000 
( 1,  7) 	 0.000000 	 10.080798 	 16.449077 	 0.000000 
( 1,  8) 	 0.000000 	 0.000000 	 0.000000 	 0.000000 
( 1,  9) 	 7.398700 	 -0.198112 	 -0.226612 	 -0.430923 
( 2,  0) 	 0.000000 	 0.000000 	 0.000000 	 0.000000 
( 2,  1) 	 0.000000 	 0.000000 	 0.000000 	 0.000000 
( 2,  2) 	 0.000000 	 0.000000 	 0.000000 	 0.000000 
( 2,  3) 	 -0.390080 	 0.000000 	 0.135704 	 0.000000 
( 2,  4) 	 0.000000 	 4.079629 	 3.821299 	 -0.000000 
( 2,  5) 	 3.069267 	 0.000000 	 3.109221 	 0.000000 
( 2,  6) 	 0.000000 	 0.000000 	 0.000000 	 0.000000 
( 2,  7) 	 -0.542702 	 10.568993 	 5.531305 	 -0.298862 
( 2,  8) 	 1.548392 	 0.000000 	 5.029738 	 0.000000 
( 2,  9) 	 -1.271859 	 4.295655 	 0.047557 	 5.772936 
( 3,  0) 	 0.000000 	 0.000000 	 0.000000 	 0.000000 
( 3,  1) 	 0.000000 	 0.000000 	 0.000000 	 -0.000000 
( 3,  2) 	 0.000000 	 0.000000 	 0.000000 	 0.000000 
( 3,  3) 	 0.738383 	 -0.122406 	 1.529613 	 -0.000000 
( 3,  4) 	 0.597486 	 1.888328 	 0.000000 	 0.000000 
( 3,  5) 	 -0.000000 	 2.291149 	 8.318432 	 0.506945 
( 3,  6) 	 2.113702 	 -0.500000 	 8.180078 	 -0.328050 
( 3,  7) 	 1.296078 	 4.560219 	 -0.405546 	 -0.466076 
( 3,  8) 	 -0.029968 	 -2.083927 	 -2.316217 	 -0.500302 
( 3,  9) 	 -4.616175 	 10.120903 	 -7.032287 	 -4.739078 
( 4,  0) 	 -0.500000 	 0.000000 	 -0.684498 	 0.000000 
( 4,  1) 	 -0.959444 	 -0.000000 	 -0.405000 	 -0.405000 
( 4,  2) 	 -0.092651 	 -0.500000 	 0.000000 	 0.000000 
( 4,  3) 	 0.000000 	 -0.000302 	 -0.500000 	 -0.000000 
( 4,  4) 	 0.000000 	 0.000000 	 0.000000 	 0.000000 
( 4,  5) 	 -0.500000 	 1.191276 	 3.487724 	 0.000000 
( 4,  6) 	 -0.405000 	 0.772664 	 2.088179 	 0.000000 
( 4,  7) 	 0.000000 	 0.000000 	 0.000000 	 0.000000 
( 4,  8) 	 0.000000 	 0.000000 	 0.000000 	 0.000000 
( 4,  9) 	 -2.653871 	 1.270080 	 -1.501725 	 -5.044712 
( 5,  0) 	 -0.500000 	 0.000000 	 0.000000 	 0.000000 
( 5,  1) 	 0.000000 	 -0.000000 	 0.000000 	 -0.500000 
( 5,  2) 	 0.000000 	 -0.075047 	 -0.000000 	 0.000000 
( 5,  3) 	 -0.000000 	 -0.405000 	 0.000000 	 0.000000 
( 5,  4) 	 0.000000 	 0.000000 	 2.946240 	 0.000000 
( 5,  5) 	 0.000000 	 1.303534 	 1.297552 	 0.000000 
( 5,  6) 	 0.000000 	 0.000000 	 0.000000 	 0.000000 
( 5,  7) 	 0.000000 	 0.000000 	 0.000000 	 0.000000 
( 5,  8) 	 0.000000 	 0.000000 	 6.788070 	 0.000000 
( 5,  9) 	 -0.847855 	 1.178270 	 -0.920962 	 -4.180444 
( 6,  0) 	 0.000000 	 0.000000 	 0.000000 	 0.000000 
( 6,  1) 	 0.000000 	 0.000000 	 0.000000 	 0.000000 
( 6,  2) 	 0.000000 	 0.000000 	 1.001677 	 0.000000 
( 6,  3) 	 0.000000 	 0.000000 	 0.896447 	 0.000000 
( 6,  4) 	 0.000000 	 3.750924 	 0.000000 	 0.000000 
( 6,  5) 	 0.000000 	 0.000000 	 0.000000 	 0.000000 
( 6,  6) 	 0.000000 	 0.000000 	 11.468808 	 0.000000 
( 6,  7) 	 -0.342172 	 0.000000 	 12.017117 	 0.000000 
( 6,  8) 	 0.674797 	 3.115272 	 10.086484 	 0.000000 
( 6,  9) 	 1.270770 	 -4.146309 	 -0.382882 	 0.507604 
( 7,  0) 	 0.000000 	 0.000000 	 0.000000 	 0.000000 
( 7,  1) 	 0.000000 	 0.000000 	 0.661494 	 0.000000 
( 7,  2) 	 0.000000 	 1.001006 	 0.000000 	 0.000000 
( 7,  3) 	 0.000000 	 0.000000 	 4.339161 	 0.000000 
( 7,  4) 	 0.000000 	 0.754048 	 5.056723 	 0.000000 
( 7,  5) 	 0.743507 	 0.000000 	 10.479224 	 0.000000 
( 7,  6) 	 0.000000 	 3.327443 	 -1.347013 	 0.000000 
( 7,  7) 	 0.000000 	 0.000000 	 0.000000 	 0.000000 
( 7,  8) 	 -0.869824 	 1.197292 	 -0.024661 	 0.176264 
( 7,  9) 	 -1.307707 	 -2.627890 	 -0.643715 	 0.378230 
( 8,  0) 	 0.000000 	 0.000000 	 0.000000 	 0.000000 
( 8,  1) 	 0.000000 	 1.000335 	 3.497363 	 0.000000 
( 8,  2) 	 0.000000 	 0.000000 	 3.547437 	 0.000000 
( 8,  3) 	 0.000000 	 1.558936 	 1.217979 	 0.000000 
( 8,  4) 	 0.000000 	 0.000000 	 0.000000 	 0.000000 
( 8,  5) 	 0.000000 	 0.000000 	 1.009495 	 0.000000 
( 8,  6) 	 -0.127771 	 0.000000 	 0.818167 	 0.000000 
( 8,  7) 	 0.002568 	 -0.741460 	 0.101658 	 -0.142200 
( 8,  8) 	 0.006505 	 0.782224 	 0.747212 	 0.107613 
( 8,  9) 	 1.032774 	 0.230286 	 -0.723517 	 -0.234570 
( 9,  0) 	 0.000000 	 0.000000 	 0.000000 	 0.000000 
( 9,  1) 	 0.000000 	 0.000000 	 0.000000 	 0.000000 
( 9,  2) 	 0.000000 	 0.000000 	 0.013869 	 0.000000 
( 9,  3) 	 0.000000 	 0.000000 	 0.000369 	 0.000000 
( 9,  4) 	 0.000000 	 -0.499816 	 0.177927 	 -0.500000 
( 9,  5) 	 -0.405002 	 0.066724 	 0.000000 	 0.000000 
( 9,  6) 	 -0.025077 	 0.163503 	 -0.471693 	 -0.749948 
( 9,  7) 	 -0.143827 	 -0.178334 	 -0.007106 	 -0.791933 
( 9,  8) 	 -0.003937 	 0.128754 	 -0.135207 	 -0.697444 
( 9,  9) 	 -0.100113 	 -0.178273 	 -0.727990 	 -0.500000 
