State 	 Left 	 Up 	 Right 	 Down 
( 0,  0) 	 -0.690000 	 0.000000 	 1.013869 	 9.091410 
( 0,  1) 	 5.133216 	 0.000000 	 0.000000 	 0.000000 
( 0,  2) 	 0.000000 	 0.000000 	 0.000000 	 0.000000 
( 0,  3) 	 0.000000 	 0.000000 	 0.000000 	 0.000000 
( 0,  4) 	 0.000000 	 0.000000 	 0.000000 	 0.000000 
( 0,  5) 	 0.000000 	 0.000000 	 9.435081 	 7.379914 
( 0,  6) 	 0.000000 	 2.851937 	 10.358197 	 4.936389 
( 0,  7) 	 0.000000 	 0.000000 	 10.962279 	 5.482256 
( 0,  8) 	 0.000000 	 0.000000 	 0.000000 	 13.909798 
( 0,  9) 	 0.000000 	 -0.621466 	 -0.486399 	 4.566420 
( 1,  0) 	 0.000000 	 0.000000 	 7.967542 	 3.004787 
( 1,  1) 	 0.000000 	 0.000000 	 8.712203 	 3.181009 
( 1,  2) 	 0.000000 	 0.000000 	 7.713837 	 5.027438 
( 1,  3) 	 0.000000 	 0.000000 	 8.243546 	 3.999633 
( 1,  4) 	 0.000000 	 0.000000 	 8.546478 	 4.196221 
( 1,  5) 	 -0.458177 	 8.661514 	 0.000000 	 4.085208 
( 1,  6) 	 0.000000 	 0.000000 	 0.000000 	 0.000000 
( 1,  7) 	 0.000000 	 0.000000 	 0.000000 	 0.000000 
( 1,  8) 	 0.000000 	 0.000000 	 0.000000 	 0.000000 
( 1,  9) 	 11.580629 	 0.135704 	 5.892101 	 0.000000 
( 2,  0) 	 0.000000 	 0.000000 	 0.000000 	 0.000000 
( 2,  1) 	 0.000000 	 0.000000 	 0.000000 	 0.000000 
( 2,  2) 	 0.000000 	 0.000000 	 0.000000 	 0.000000 
( 2,  3) 	 0.000000 	 0.000000 	 0.000000 	 0.000000 
( 2,  4) 	 0.000000 	 0.000000 	 0.000000 	 0.000000 
( 2,  5) 	 0.000000 	 0.000000 	 0.000000 	 0.000000 
( 2,  6) 	 0.000000 	 0.000000 	 0.000000 	 0.000000 
( 2,  7) 	 0.000000 	 0.000000 	 0.000000 	 0.000000 
( 2,  8) 	 0.000000 	 12.287916 	 6.013601 	 0.000000 
( 2,  9) 	 0.000000 	 11.151361 	 5.582229 	 0.000000 
( 3,  0) 	 0.000000 	 0.000000 	 0.000000 	 0.000000 
( 3,  1) 	 0.000000 	 0.000000 	 0.000000 	 0.000000 
( 3,  2) 	 0.000000 	 0.000000 	 0.000000 	 0.000000 
( 3,  3) 	 0.000000 	 0.000000 	 0.000000 	 0.000000 
( 3,  4) 	 0.000000 	 0.000000 	 0.000000 	 0.000000 
( 3,  5) 	 0.000000 	 0.000000 	 0.000000 	 0.000000 
( 3,  6) 	 0.000000 	 0.000000 	 12.835439 	 0.000000 
( 3,  7) 	 0.000000 	 0.000000 	 12.785295 	 5.148323 
( 3,  8) 	 0.000000 	 11.301374 	 5.519871 	 0.000000 
( 3,  9) 	 0.000000 	 10.534128 	 5.048561 	 0.000000 
( 4,  0) 	 0.000000 	 0.000000 	 0.000000 	 0.000000 
( 4,  1) 	 0.000000 	 0.000000 	 0.000000 	 0.000000 
( 4,  2) 	 0.000000 	 0.000000 	 0.000000 	 0.000000 
( 4,  3) 	 0.000000 	 0.000000 	 0.000000 	 0.000000 
( 4,  4) 	 0.000000 	 0.000000 	 0.000000 	 0.000000 
( 4,  5) 	 0.000000 	 0.000000 	 0.000000 	 0.000000 
( 4,  6) 	 0.000000 	 9.550445 	 4.116389 	 0.000000 
( 4,  7) 	 0.000000 	 0.000000 	 0.000000 	 0.000000 
( 4,  8) 	 0.000000 	 0.000000 	 0.000000 	 0.000000 
( 4,  9) 	 0.000000 	 9.462004 	 4.459709 	 0.000000 
( 5,  0) 	 0.000000 	 0.000000 	 0.000000 	 0.000000 
( 5,  1) 	 0.000000 	 0.000000 	 0.000000 	 0.000000 
( 5,  2) 	 0.000000 	 0.000000 	 0.000000 	 0.000000 
( 5,  3) 	 0.000000 	 0.000000 	 0.000000 	 0.000000 
( 5,  4) 	 0.000000 	 0.000000 	 0.000000 	 0.000000 
( 5,  5) 	 0.000000 	 0.000000 	 0.000000 	 0.000000 
( 5,  6) 	 0.000000 	 9.172409 	 3.740101 	 0.307930 
( 5,  7) 	 0.000000 	 0.000000 	 0.000000 	 0.000000 
( 5,  8) 	 0.000000 	 0.000000 	 0.000000 	 0.000000 
( 5,  9) 	 0.000000 	 8.734452 	 4.060750 	 0.000000 
( 6,  0) 	 0.000000 	 0.000000 	 0.000000 	 0.000000 
( 6,  1) 	 0.000000 	 0.000000 	 0.000000 	 0.000000 
( 6,  2) 	 0.000000 	 0.000000 	 0.000000 	 0.000000 
( 6,  3) 	 0.000000 	 0.000000 	 0.000000 	 0.000000 
( 6,  4) 	 0.000000 	 0.000000 	 0.000000 	 0.000000 
( 6,  5) 	 0.000000 	 0.000000 	 0.000000 	 0.000000 
( 6,  6) 	 0.000000 	 8.566585 	 3.411054 	 0.000000 
( 6,  7) 	 0.000000 	 0.000000 	 0.000000 	 0.000000 
( 6,  8) 	 0.000000 	 0.000000 	 0.000000 	 0.000000 
( 6,  9) 	 0.000000 	 8.077725 	 3.698893 	 1.455030 
( 7,  0) 	 0.000000 	 0.000000 	 0.000000 	 0.000000 
( 7,  1) 	 0.000000 	 0.000000 	 0.000000 	 0.000000 
( 7,  2) 	 0.000000 	 0.000000 	 0.000000 	 -0.000000 
( 7,  3) 	 -0.000000 	 0.000000 	 0.000034 	 0.000000 
( 7,  4) 	 -0.000302 	 0.000000 	 1.320009 	 0.000000 
( 7,  5) 	 -0.000000 	 0.000000 	 9.248659 	 0.000000 
( 7,  6) 	 0.000000 	 7.727671 	 3.264630 	 0.000000 
( 7,  7) 	 0.000000 	 0.000000 	 0.000000 	 0.000000 
( 7,  8) 	 0.000000 	 0.000000 	 0.000000 	 0.000000 
( 7,  9) 	 0.000000 	 7.524914 	 3.377704 	 0.000000 
( 8,  0) 	 0.000000 	 0.000000 	 0.000000 	 0.000000 
( 8,  1) 	 0.000000 	 0.000000 	 3.851598 	 0.891430 
( 8,  2) 	 -0.000000 	 0.000000 	 0.000000 	 4.082937 
( 8,  3) 	 0.000000 	 -0.000302 	 0.000000 	 0.000000 
( 8,  4) 	 0.000000 	 0.000000 	 0.000000 	 0.000000 
( 8,  5) 	 0.000000 	 0.000000 	 0.000000 	 0.000000 
( 8,  6) 	 0.000000 	 0.000000 	 0.000000 	 0.000000 
( 8,  7) 	 0.000000 	 0.000000 	 0.000000 	 0.000000 
( 8,  8) 	 0.000000 	 0.000000 	 0.000000 	 0.000000 
( 8,  9) 	 0.000000 	 6.990363 	 3.237192 	 0.000000 
( 9,  0) 	 0.000000 	 0.000000 	 0.000000 	 0.000000 
( 9,  1) 	 0.000000 	 0.000000 	 1.660036 	 0.000000 
( 9,  2) 	 0.000000 	 0.000000 	 7.136922 	 0.000000 
( 9,  3) 	 -0.313185 	 0.000000 	 7.569323 	 0.000000 
( 9,  4) 	 0.000000 	 0.000000 	 7.752329 	 0.000000 
( 9,  5) 	 0.000000 	 0.000000 	 7.960361 	 0.000000 
( 9,  6) 	 0.000000 	 0.000000 	 8.194585 	 0.000000 
( 9,  7) 	 0.000000 	 0.000000 	 8.460777 	 0.000000 
( 9,  8) 	 0.000000 	 0.000000 	 8.495633 	 0.000000 
( 9,  9) 	 0.000000 	 6.241208 	 3.083946 	 0.000000 
