State 	 Left 	 Up 	 Right 	 Down 
( 0,  0) 	 0.000000 	 0.000000 	 2.009394 	 6.030447 
( 0,  1) 	 0.000000 	 0.000000 	 0.000000 	 4.862897 
( 0,  2) 	 0.000000 	 0.000000 	 0.000000 	 0.000000 
( 0,  3) 	 0.000000 	 0.000000 	 0.000000 	 0.000000 
( 0,  4) 	 0.000000 	 0.000000 	 0.000000 	 0.000000 
( 0,  5) 	 0.000000 	 0.000000 	 1.000336 	 0.000000 
( 0,  6) 	 0.000000 	 0.000000 	 1.135335 	 0.000000 
( 0,  7) 	 0.000000 	 0.000000 	 1.135067 	 0.000000 
( 0,  8) 	 0.000000 	 0.000000 	 0.000000 	 5.510981 
( 0,  9) 	 0.000000 	 0.000000 	 0.000000 	 0.000000 
( 1,  0) 	 1.146260 	 0.000000 	 6.613538 	 0.000000 
( 1,  1) 	 0.000000 	 0.000000 	 10.757990 	 1.148969 
( 1,  2) 	 0.000000 	 0.000000 	 10.977645 	 0.000000 
( 1,  3) 	 1.644539 	 0.000000 	 1.543354 	 8.416499 
( 1,  4) 	 0.000000 	 0.000000 	 1.150278 	 0.000000 
( 1,  5) 	 0.000000 	 0.999698 	 0.000000 	 0.000000 
( 1,  6) 	 0.000000 	 0.000000 	 0.000000 	 0.000000 
( 1,  7) 	 0.000000 	 0.000000 	 0.000000 	 0.000000 
( 1,  8) 	 0.000000 	 0.000000 	 0.000000 	 0.000000 
( 1,  9) 	 9.939099 	 0.000000 	 0.000000 	 0.000000 
( 2,  0) 	 0.000000 	 0.000000 	 0.000000 	 0.000000 
( 2,  1) 	 0.000000 	 2.357798 	 0.000000 	 0.000000 
( 2,  2) 	 0.000000 	 0.000000 	 0.000000 	 0.000000 
( 2,  3) 	 0.000000 	 0.000000 	 7.684886 	 0.637564 
( 2,  4) 	 0.000000 	 0.000000 	 8.201335 	 0.000000 
( 2,  5) 	 0.000000 	 0.000000 	 0.000000 	 7.691958 
( 2,  6) 	 0.000000 	 0.000000 	 0.000000 	 0.000000 
( 2,  7) 	 0.000000 	 0.000000 	 0.000000 	 0.000000 
( 2,  8) 	 0.000000 	 19.023120 	 1.779964 	 0.000000 
( 2,  9) 	 7.965324 	 4.997675 	 0.000000 	 0.000000 
( 3,  0) 	 0.000000 	 0.000000 	 0.000000 	 0.000000 
( 3,  1) 	 0.000000 	 0.000000 	 0.000000 	 0.000000 
( 3,  2) 	 0.000000 	 0.000000 	 0.000000 	 0.000000 
( 3,  3) 	 0.000000 	 0.000000 	 8.017351 	 0.000000 
( 3,  4) 	 0.000000 	 0.000000 	 8.573050 	 0.000000 
( 3,  5) 	 0.000000 	 0.000000 	 16.234143 	 0.000000 
( 3,  6) 	 0.000000 	 2.329460 	 19.365843 	 0.739644 
( 3,  7) 	 0.000000 	 0.000000 	 19.298472 	 0.000000 
( 3,  8) 	 0.000000 	 18.118683 	 1.909561 	 0.000000 
( 3,  9) 	 0.000000 	 12.033616 	 0.000000 	 0.000000 
( 4,  0) 	 0.000000 	 0.000000 	 0.000000 	 0.000000 
( 4,  1) 	 0.000000 	 0.000000 	 0.000000 	 0.000000 
( 4,  2) 	 0.000000 	 0.000000 	 0.000000 	 0.000000 
( 4,  3) 	 0.000000 	 1.135671 	 0.000000 	 0.000000 
( 4,  4) 	 0.000000 	 0.000000 	 0.000000 	 0.000000 
( 4,  5) 	 0.000000 	 4.442590 	 0.000000 	 0.000000 
( 4,  6) 	 0.000000 	 11.447779 	 -0.363994 	 0.474940 
( 4,  7) 	 0.000000 	 0.000000 	 0.000000 	 0.000000 
( 4,  8) 	 0.000000 	 0.000000 	 0.000000 	 0.000000 
( 4,  9) 	 -0.411261 	 6.926491 	 -0.750000 	 -0.052381 
( 5,  0) 	 0.000000 	 0.000000 	 0.000000 	 0.000000 
( 5,  1) 	 0.000000 	 0.000000 	 0.000000 	 0.000000 
( 5,  2) 	 0.000000 	 0.000000 	 4.818100 	 -0.000000 
( 5,  3) 	 0.000000 	 1.135671 	 6.707726 	 0.000000 
( 5,  4) 	 1.085776 	 -0.500000 	 6.896650 	 0.000000 
( 5,  5) 	 0.000000 	 1.149942 	 5.692298 	 0.000000 
( 5,  6) 	 0.000383 	 11.084499 	 0.988414 	 0.000000 
( 5,  7) 	 0.000009 	 0.000000 	 2.118808 	 0.000000 
( 5,  8) 	 0.000000 	 0.000000 	 2.132163 	 -0.058484 
( 5,  9) 	 0.000000 	 4.996870 	 -0.500000 	 0.000000 
( 6,  0) 	 0.000000 	 0.000000 	 0.000000 	 0.000000 
( 6,  1) 	 0.000000 	 0.000000 	 0.000000 	 0.000000 
( 6,  2) 	 0.000000 	 5.174346 	 0.000000 	 0.000000 
( 6,  3) 	 0.000000 	 6.546816 	 0.012393 	 0.000000 
( 6,  4) 	 0.000000 	 0.000000 	 -0.500000 	 -0.000000 
( 6,  5) 	 0.000000 	 0.000000 	 0.000000 	 0.000000 
( 6,  6) 	 -0.500000 	 10.492020 	 -0.052397 	 -0.558017 
( 6,  7) 	 0.000000 	 -0.052575 	 0.000000 	 -0.500000 
( 6,  8) 	 -0.405000 	 -0.000302 	 -0.164025 	 -0.345380 
( 6,  9) 	 -0.265720 	 -0.405000 	 -0.500000 	 0.141985 
( 7,  0) 	 0.000000 	 0.000000 	 0.000000 	 0.000000 
( 7,  1) 	 0.000000 	 0.000000 	 0.000000 	 0.000000 
( 7,  2) 	 0.000000 	 5.218004 	 0.000000 	 -0.000000 
( 7,  3) 	 0.000000 	 6.166023 	 0.000671 	 0.000000 
( 7,  4) 	 1.503606 	 -0.405000 	 -0.953911 	 -0.500000 
( 7,  5) 	 -0.588834 	 -0.720275 	 8.449533 	 -0.574234 
( 7,  6) 	 -0.434884 	 9.440869 	 -0.750000 	 -0.553750 
( 7,  7) 	 0.000000 	 0.000000 	 0.000000 	 0.000000 
( 7,  8) 	 -0.785990 	 -0.155334 	 -0.328050 	 0.059651 
( 7,  9) 	 -0.342083 	 -0.050387 	 -0.500000 	 -1.119921 
( 8,  0) 	 0.000000 	 0.000000 	 0.000000 	 0.000000 
( 8,  1) 	 0.000000 	 0.000000 	 6.660065 	 0.000000 
( 8,  2) 	 0.000000 	 0.891463 	 5.216740 	 -0.000000 
( 8,  3) 	 -0.000000 	 5.532096 	 0.000000 	 0.000000 
( 8,  4) 	 0.000000 	 0.000000 	 0.000000 	 0.000000 
( 8,  5) 	 -0.826836 	 -0.456645 	 0.244912 	 -0.405000 
( 8,  6) 	 -0.279530 	 -0.513016 	 -0.091263 	 0.302156 
( 8,  7) 	 0.071389 	 -0.692066 	 -0.085630 	 -0.096337 
( 8,  8) 	 -0.124275 	 -0.040124 	 7.474488 	 -0.157172 
( 8,  9) 	 6.034688 	 -0.448720 	 -0.489670 	 -0.627792 
( 9,  0) 	 0.000000 	 0.000000 	 0.000000 	 0.000000 
( 9,  1) 	 0.000000 	 0.000000 	 -0.000000 	 0.000000 
( 9,  2) 	 -0.000000 	 0.000000 	 0.000000 	 -0.500000 
( 9,  3) 	 -0.405000 	 0.000000 	 -0.000000 	 0.000000 
( 9,  4) 	 -0.328050 	 -0.500000 	 0.004206 	 -0.500000 
( 9,  5) 	 -0.405000 	 0.198559 	 -0.405000 	 -0.500000 
( 9,  6) 	 0.161029 	 -0.359495 	 -0.282180 	 -0.500000 
( 9,  7) 	 -0.373200 	 -0.244816 	 -0.018708 	 -0.780693 
( 9,  8) 	 -0.149260 	 -0.411744 	 0.044993 	 -0.454992 
( 9,  9) 	 -0.444286 	 0.055190 	 -0.500000 	 -0.499839 
