State 	 Left 	 Up 	 Right 	 Down 
( 0,  0) 	 0.000000 	 0.000000 	 1.000000 	 0.000000 
( 0,  1) 	 0.000000 	 0.000000 	 0.000000 	 0.878198 
( 0,  2) 	 0.000000 	 0.000000 	 0.000000 	 0.000000 
( 0,  3) 	 0.000000 	 0.000000 	 0.000000 	 0.000000 
( 0,  4) 	 0.000000 	 0.000000 	 0.000000 	 0.000000 
( 0,  5) 	 0.000000 	 0.000000 	 0.000000 	 0.000000 
( 0,  6) 	 0.000000 	 0.000000 	 0.000000 	 0.000000 
( 0,  7) 	 0.000000 	 0.000000 	 0.000000 	 0.000000 
( 0,  8) 	 0.000000 	 0.000000 	 0.000000 	 0.000000 
( 0,  9) 	 0.000000 	 0.000000 	 0.000000 	 0.000000 
( 1,  0) 	 0.000000 	 0.000000 	 0.000000 	 0.000000 
( 1,  1) 	 0.000000 	 0.000000 	 1.000335 	 0.000000 
( 1,  2) 	 0.000000 	 0.000000 	 1.135335 	 0.000000 
( 1,  3) 	 0.000000 	 0.000000 	 0.000000 	 0.999698 
( 1,  4) 	 0.000000 	 0.000000 	 0.000000 	 0.000000 
( 1,  5) 	 0.000000 	 0.000000 	 0.000000 	 0.000000 
( 1,  6) 	 0.000000 	 0.000000 	 0.000000 	 0.000000 
( 1,  7) 	 0.000000 	 0.000000 	 0.000000 	 0.000000 
( 1,  8) 	 0.000000 	 0.000000 	 0.000000 	 0.000000 
( 1,  9) 	 5.878198 	 0.000000 	 0.000000 	 0.000000 
( 2,  0) 	 0.000000 	 0.000000 	 0.000000 	 0.000000 
( 2,  1) 	 0.000000 	 0.000000 	 0.000000 	 0.000000 
( 2,  2) 	 0.000000 	 0.000000 	 0.000000 	 0.000000 
( 2,  3) 	 0.000000 	 0.000000 	 1.000335 	 0.000000 
( 2,  4) 	 0.000000 	 0.000000 	 1.135335 	 0.000000 
( 2,  5) 	 0.000000 	 0.000000 	 0.000000 	 1.000000 
( 2,  6) 	 0.000000 	 0.000000 	 0.000000 	 0.000000 
( 2,  7) 	 0.000000 	 0.000000 	 0.000000 	 0.000000 
( 2,  8) 	 0.000000 	 10.736837 	 0.000000 	 0.000000 
( 2,  9) 	 4.223910 	 1.148936 	 0.000000 	 0.000000 
( 3,  0) 	 0.000000 	 0.000000 	 0.000000 	 0.000000 
( 3,  1) 	 0.000000 	 0.000000 	 0.000000 	 0.000000 
( 3,  2) 	 0.000000 	 0.000000 	 0.000000 	 0.000000 
( 3,  3) 	 0.000000 	 0.000000 	 0.000000 	 0.000000 
( 3,  4) 	 0.000000 	 0.000000 	 0.000000 	 0.000000 
( 3,  5) 	 0.000000 	 0.000000 	 1.000335 	 0.000000 
( 3,  6) 	 0.000000 	 0.000000 	 4.541744 	 0.739644 
( 3,  7) 	 0.000000 	 0.000000 	 5.179509 	 0.000000 
( 3,  8) 	 0.000000 	 5.997290 	 0.000000 	 0.000000 
( 3,  9) 	 0.000000 	 4.170574 	 0.000000 	 0.000000 
( 4,  0) 	 0.000000 	 0.000000 	 0.000000 	 0.000000 
( 4,  1) 	 0.000000 	 0.000000 	 0.000000 	 0.000000 
( 4,  2) 	 0.000000 	 0.000000 	 0.000000 	 0.000000 
( 4,  3) 	 0.000000 	 0.000000 	 0.000000 	 0.000000 
( 4,  4) 	 0.000000 	 0.000000 	 0.000000 	 0.000000 
( 4,  5) 	 0.000000 	 0.000000 	 0.000000 	 0.000000 
( 4,  6) 	 0.000000 	 1.692027 	 -0.363994 	 0.474940 
( 4,  7) 	 0.000000 	 0.000000 	 0.000000 	 0.000000 
( 4,  8) 	 0.000000 	 0.000000 	 0.000000 	 0.000000 
( 4,  9) 	 -0.411261 	 4.275751 	 -0.750000 	 -0.000000 
( 5,  0) 	 0.000000 	 0.000000 	 0.000000 	 0.000000 
( 5,  1) 	 0.000000 	 0.000000 	 0.000000 	 0.000000 
( 5,  2) 	 0.000000 	 0.000000 	 0.000000 	 0.000000 
( 5,  3) 	 0.000000 	 0.000000 	 0.000365 	 0.000000 
( 5,  4) 	 0.000295 	 -0.500000 	 0.000272 	 0.000000 
( 5,  5) 	 0.000000 	 0.000000 	 0.000995 	 0.000000 
( 5,  6) 	 0.000383 	 1.074468 	 1.000643 	 0.000000 
( 5,  7) 	 0.000009 	 0.000000 	 1.101981 	 0.000000 
( 5,  8) 	 0.000000 	 0.000000 	 1.135671 	 -0.058484 
( 5,  9) 	 0.000000 	 0.724863 	 -0.500000 	 0.000000 
( 6,  0) 	 0.000000 	 0.000000 	 0.000000 	 0.000000 
( 6,  1) 	 0.000000 	 0.000000 	 0.000000 	 0.000000 
( 6,  2) 	 0.000000 	 0.000000 	 0.000000 	 0.000000 
( 6,  3) 	 0.000000 	 0.000000 	 0.000000 	 0.000000 
( 6,  4) 	 0.000000 	 0.000000 	 -0.500000 	 0.000000 
( 6,  5) 	 0.000000 	 0.000000 	 0.000000 	 0.000000 
( 6,  6) 	 -0.500000 	 2.104774 	 -0.052397 	 -0.558017 
( 6,  7) 	 0.000000 	 -0.052575 	 0.000000 	 -0.500000 
( 6,  8) 	 -0.405000 	 -0.000302 	 -0.164025 	 -0.345380 
( 6,  9) 	 -0.265720 	 -0.405000 	 -0.500000 	 0.141985 
( 7,  0) 	 0.000000 	 0.000000 	 0.000000 	 0.000000 
( 7,  1) 	 0.000000 	 0.000000 	 0.000000 	 0.000000 
( 7,  2) 	 0.000000 	 0.000000 	 0.000000 	 0.000000 
( 7,  3) 	 0.000000 	 0.000000 	 0.000039 	 0.000000 
( 7,  4) 	 -0.000000 	 -0.405000 	 -0.953911 	 -0.500000 
( 7,  5) 	 -1.177668 	 -0.720275 	 2.978074 	 -0.574234 
( 7,  6) 	 -0.434884 	 2.505345 	 -0.750000 	 -0.553750 
( 7,  7) 	 0.000000 	 0.000000 	 0.000000 	 0.000000 
( 7,  8) 	 -0.785990 	 -0.155334 	 -0.328050 	 0.059651 
( 7,  9) 	 -0.342083 	 -0.050387 	 -0.500000 	 -1.119921 
( 8,  0) 	 0.000000 	 0.000000 	 0.000000 	 0.000000 
( 8,  1) 	 0.000000 	 0.000000 	 0.000000 	 0.000000 
( 8,  2) 	 0.000000 	 0.000000 	 0.000000 	 0.000000 
( 8,  3) 	 0.000000 	 0.000000 	 0.000000 	 0.000000 
( 8,  4) 	 0.000000 	 0.000000 	 0.000000 	 0.000000 
( 8,  5) 	 -0.826836 	 -0.456645 	 0.244912 	 -0.405000 
( 8,  6) 	 -0.279530 	 -0.513016 	 -0.091263 	 0.302156 
( 8,  7) 	 0.071389 	 -0.692066 	 -0.085630 	 -0.096337 
( 8,  8) 	 -0.124275 	 -0.040124 	 7.474488 	 -0.157172 
( 8,  9) 	 6.034688 	 -0.448720 	 -0.489670 	 -0.627792 
( 9,  0) 	 0.000000 	 0.000000 	 0.000000 	 0.000000 
( 9,  1) 	 0.000000 	 0.000000 	 -0.000000 	 0.000000 
( 9,  2) 	 -0.000000 	 0.000000 	 0.000000 	 -0.500000 
( 9,  3) 	 -0.405000 	 0.000000 	 -0.000000 	 0.000000 
( 9,  4) 	 -0.328050 	 -0.500000 	 0.004206 	 -0.500000 
( 9,  5) 	 -0.405000 	 0.198559 	 -0.405000 	 -0.500000 
( 9,  6) 	 0.161029 	 -0.359495 	 -0.282180 	 -0.500000 
( 9,  7) 	 -0.373200 	 -0.244816 	 -0.018708 	 -0.780693 
( 9,  8) 	 -0.149260 	 -0.411744 	 0.044993 	 -0.454992 
( 9,  9) 	 -0.444286 	 0.055190 	 -0.500000 	 -0.499839 
