State 	 Left 	 Up 	 Right 	 Down 
( 0,  0) 	 0.000000 	 0.000000 	 0.000000 	 6.823149 
( 0,  1) 	 0.000000 	 0.000000 	 0.000000 	 0.000000 
( 0,  2) 	 0.000000 	 0.000000 	 0.000000 	 0.000000 
( 0,  3) 	 0.000000 	 0.000000 	 7.688895 	 0.000000 
( 0,  4) 	 0.000000 	 0.000000 	 8.953532 	 0.000000 
( 0,  5) 	 0.000000 	 0.000000 	 11.815414 	 0.000000 
( 0,  6) 	 0.000000 	 0.000000 	 12.589265 	 0.000000 
( 0,  7) 	 0.000000 	 0.000000 	 11.448934 	 1.135335 
( 0,  8) 	 0.000000 	 0.000000 	 0.000000 	 11.859094 
( 0,  9) 	 0.000000 	 0.000000 	 0.000000 	 0.000000 
( 1,  0) 	 0.000000 	 0.000000 	 7.745182 	 0.000000 
( 1,  1) 	 0.000000 	 0.000000 	 8.732919 	 0.000000 
( 1,  2) 	 0.000000 	 0.000000 	 8.713300 	 0.000000 
( 1,  3) 	 0.000000 	 6.771271 	 0.000000 	 0.876991 
( 1,  4) 	 0.000000 	 0.000000 	 0.000000 	 0.000000 
( 1,  5) 	 0.000000 	 8.566812 	 0.000000 	 0.000000 
( 1,  6) 	 0.000000 	 0.000000 	 0.000000 	 0.000000 
( 1,  7) 	 0.000000 	 0.000000 	 6.013903 	 0.000000 
( 1,  8) 	 0.000000 	 0.000000 	 0.000000 	 0.000000 
( 1,  9) 	 9.817348 	 0.000000 	 0.000000 	 0.000000 
( 2,  0) 	 0.000000 	 0.000000 	 0.000000 	 0.000000 
( 2,  1) 	 0.000000 	 0.000000 	 0.000000 	 0.000000 
( 2,  2) 	 0.000000 	 0.000000 	 0.000000 	 0.000000 
( 2,  3) 	 0.000000 	 0.000000 	 0.000000 	 4.465505 
( 2,  4) 	 0.000000 	 0.000000 	 0.000000 	 0.000000 
( 2,  5) 	 0.000000 	 8.201808 	 0.000000 	 0.000000 
( 2,  6) 	 0.000000 	 0.000000 	 0.000000 	 0.000000 
( 2,  7) 	 0.000000 	 0.000000 	 9.969170 	 0.000000 
( 2,  8) 	 0.000000 	 13.025979 	 0.508334 	 0.000000 
( 2,  9) 	 0.000000 	 7.781899 	 0.000000 	 0.000000 
( 3,  0) 	 0.000000 	 0.000000 	 0.000000 	 0.000000 
( 3,  1) 	 0.000000 	 0.000000 	 0.000000 	 0.000000 
( 3,  2) 	 0.000000 	 0.000000 	 0.000000 	 0.000000 
( 3,  3) 	 0.000000 	 0.224590 	 8.691428 	 3.402140 
( 3,  4) 	 0.000000 	 0.000000 	 8.613214 	 0.000000 
( 3,  5) 	 0.000000 	 7.360601 	 0.779286 	 -0.000302 
( 3,  6) 	 0.000000 	 0.000000 	 7.411645 	 0.000000 
( 3,  7) 	 0.000000 	 7.738569 	 0.000000 	 0.000000 
( 3,  8) 	 0.000000 	 10.359468 	 0.000000 	 0.000000 
( 3,  9) 	 9.108416 	 1.407012 	 0.000000 	 0.000000 
( 4,  0) 	 0.000000 	 0.000000 	 0.000000 	 0.000000 
( 4,  1) 	 0.000000 	 0.000000 	 0.000000 	 0.000000 
( 4,  2) 	 0.000000 	 0.000000 	 2.667921 	 0.000000 
( 4,  3) 	 0.000000 	 8.847078 	 0.000000 	 2.601505 
( 4,  4) 	 0.000000 	 0.000000 	 0.000000 	 0.000000 
( 4,  5) 	 0.685618 	 1.614430 	 0.000000 	 0.000000 
( 4,  6) 	 0.000000 	 1.135671 	 0.000000 	 0.000000 
( 4,  7) 	 0.000000 	 0.000000 	 0.000000 	 0.000000 
( 4,  8) 	 0.000000 	 0.000000 	 0.000000 	 0.000000 
( 4,  9) 	 -0.500000 	 10.815951 	 -0.500000 	 0.000000 
( 5,  0) 	 0.000000 	 0.000000 	 0.877896 	 0.000000 
( 5,  1) 	 0.000000 	 0.000000 	 1.135369 	 0.000000 
( 5,  2) 	 0.000000 	 1.013567 	 0.000000 	 0.000000 
( 5,  3) 	 0.000000 	 5.604883 	 2.255620 	 0.000000 
( 5,  4) 	 4.993957 	 -0.500000 	 2.084084 	 0.000000 
( 5,  5) 	 0.000000 	 0.000000 	 2.919194 	 0.000000 
( 5,  6) 	 0.000000 	 1.000000 	 0.892101 	 0.000000 
( 5,  7) 	 0.000000 	 0.000000 	 3.208302 	 0.000000 
( 5,  8) 	 0.000000 	 0.000000 	 10.188757 	 0.000000 
( 5,  9) 	 -0.000000 	 10.507471 	 -0.750000 	 -0.007739 
( 6,  0) 	 0.000000 	 1.013232 	 0.000000 	 0.000000 
( 6,  1) 	 0.000000 	 0.000000 	 0.000000 	 0.000000 
( 6,  2) 	 0.000000 	 0.000000 	 0.000000 	 0.000000 
( 6,  3) 	 0.000000 	 0.000000 	 2.016116 	 0.000000 
( 6,  4) 	 0.621451 	 7.219918 	 -0.500000 	 0.994381 
( 6,  5) 	 0.000000 	 0.000000 	 0.000000 	 0.000000 
( 6,  6) 	 0.000000 	 0.000000 	 0.000000 	 0.000000 
( 6,  7) 	 0.000000 	 0.000000 	 2.335399 	 0.000000 
( 6,  8) 	 0.448233 	 6.197325 	 0.001737 	 -0.187246 
( 6,  9) 	 0.001407 	 -0.030317 	 -0.500000 	 -0.397336 
( 7,  0) 	 0.000000 	 1.000335 	 0.000000 	 0.000000 
( 7,  1) 	 1.000000 	 0.000000 	 0.000000 	 0.000000 
( 7,  2) 	 0.000000 	 0.000000 	 0.465383 	 0.000000 
( 7,  3) 	 0.000000 	 -0.000000 	 0.574547 	 0.000000 
( 7,  4) 	 0.000000 	 7.215892 	 0.713860 	 0.000000 
( 7,  5) 	 6.464938 	 -0.500000 	 0.000000 	 0.880558 
( 7,  6) 	 0.005588 	 -0.000000 	 -0.500000 	 0.000000 
( 7,  7) 	 0.000000 	 0.000000 	 0.000000 	 0.000000 
( 7,  8) 	 -0.745434 	 5.423902 	 -0.000200 	 -0.737775 
( 7,  9) 	 -0.000197 	 -0.271943 	 -0.725392 	 -0.395066 
( 8,  0) 	 -0.500000 	 0.000000 	 -0.000000 	 0.000000 
( 8,  1) 	 0.000000 	 0.877896 	 2.759580 	 0.000000 
( 8,  2) 	 0.000000 	 -0.000000 	 2.837648 	 -0.000000 
( 8,  3) 	 0.000000 	 0.000000 	 0.000000 	 2.736814 
( 8,  4) 	 0.000000 	 0.000000 	 0.000000 	 0.000000 
( 8,  5) 	 -0.499284 	 0.664983 	 3.561897 	 -0.774096 
( 8,  6) 	 -0.561995 	 -0.000000 	 4.130491 	 -0.241034 
( 8,  7) 	 -0.454979 	 -0.841551 	 4.296575 	 -0.136348 
( 8,  8) 	 0.047908 	 4.648832 	 -0.339254 	 -0.202701 
( 8,  9) 	 -0.418838 	 0.003954 	 -0.496797 	 -0.202500 
( 9,  0) 	 0.000000 	 0.000000 	 0.000000 	 0.000000 
( 9,  1) 	 0.000000 	 0.000000 	 0.000000 	 0.000000 
( 9,  2) 	 0.000000 	 0.000000 	 -0.476706 	 -0.749998 
( 9,  3) 	 -0.588630 	 0.128035 	 3.095482 	 -0.500000 
( 9,  4) 	 0.028443 	 -0.749806 	 3.257491 	 -0.500000 
( 9,  5) 	 -0.225768 	 2.999316 	 -0.015621 	 -0.749875 
( 9,  6) 	 -0.004971 	 -0.000384 	 -0.297969 	 -0.500000 
( 9,  7) 	 -0.093317 	 -0.368241 	 -0.314849 	 -0.699025 
( 9,  8) 	 -0.238478 	 -0.376182 	 -0.953904 	 -0.880514 
( 9,  9) 	 -1.177662 	 0.082140 	 -0.500000 	 -0.500000 
