State 	 Left 	 Up 	 Right 	 Down 
( 0,  0) 	 0.000000 	 0.000000 	 0.000000 	 6.949424 
( 0,  1) 	 0.000000 	 0.000000 	 0.000000 	 0.000000 
( 0,  2) 	 0.000000 	 0.000000 	 0.000000 	 0.000000 
( 0,  3) 	 -1.936418 	 0.000000 	 1.000034 	 1.503992 
( 0,  4) 	 0.563247 	 -2.105099 	 1.135335 	 0.160514 
( 0,  5) 	 0.489099 	 7.497857 	 16.389482 	 5.706361 
( 0,  6) 	 -0.688833 	 3.501061 	 16.100982 	 0.000000 
( 0,  7) 	 0.000000 	 4.118796 	 7.527800 	 8.622249 
( 0,  8) 	 0.000000 	 0.000000 	 0.000000 	 0.000000 
( 0,  9) 	 0.000000 	 0.000000 	 0.000000 	 0.000000 
( 1,  0) 	 0.000000 	 -0.121106 	 0.099948 	 3.869662 
( 1,  1) 	 0.000000 	 0.000000 	 6.756914 	 0.000000 
( 1,  2) 	 0.000000 	 -2.900337 	 11.602745 	 -1.910091 
( 1,  3) 	 0.632619 	 2.143760 	 12.474063 	 2.955895 
( 1,  4) 	 0.631172 	 1.071578 	 9.418666 	 0.000000 
( 1,  5) 	 0.000000 	 25.998587 	 2.623319 	 1.321661 
( 1,  6) 	 0.000000 	 0.000000 	 0.000000 	 0.000000 
( 1,  7) 	 1.289748 	 5.772681 	 13.171627 	 0.784168 
( 1,  8) 	 0.000000 	 0.000000 	 0.000000 	 0.000000 
( 1,  9) 	 15.475720 	 6.162201 	 0.000000 	 6.013903 
( 2,  0) 	 0.000000 	 0.000000 	 0.000000 	 3.428282 
( 2,  1) 	 0.000000 	 1.135671 	 0.000000 	 0.000000 
( 2,  2) 	 0.000000 	 0.000000 	 0.000000 	 0.000000 
( 2,  3) 	 0.000000 	 4.133048 	 2.174646 	 0.101495 
( 2,  4) 	 0.019251 	 2.433434 	 0.657669 	 0.000000 
( 2,  5) 	 0.030043 	 15.264047 	 0.000000 	 1.148668 
( 2,  6) 	 0.000000 	 0.000000 	 0.000000 	 0.000000 
( 2,  7) 	 0.000000 	 0.000000 	 0.000000 	 1.013668 
( 2,  8) 	 0.000000 	 0.000000 	 0.000000 	 0.000000 
( 2,  9) 	 0.000000 	 15.637768 	 0.000000 	 5.679741 
( 3,  0) 	 0.000000 	 0.000000 	 0.000000 	 3.526864 
( 3,  1) 	 0.000000 	 1.135671 	 0.000000 	 0.000000 
( 3,  2) 	 0.000000 	 0.000000 	 0.000000 	 0.000000 
( 3,  3) 	 -1.262088 	 2.503759 	 0.783732 	 0.000000 
( 3,  4) 	 0.000000 	 0.206750 	 0.000000 	 0.000000 
( 3,  5) 	 0.000000 	 0.387736 	 0.000000 	 1.136006 
( 3,  6) 	 0.816431 	 0.000000 	 0.000000 	 0.000000 
( 3,  7) 	 1.662349 	 0.000000 	 0.000000 	 -2.386332 
( 3,  8) 	 0.000000 	 0.000000 	 0.000000 	 0.000000 
( 3,  9) 	 0.000000 	 15.612017 	 3.069887 	 6.213013 
( 4,  0) 	 0.000000 	 0.000000 	 0.311814 	 3.636217 
( 4,  1) 	 0.000000 	 1.013232 	 0.374095 	 0.000000 
( 4,  2) 	 0.000000 	 0.000000 	 2.731511 	 0.000000 
( 4,  3) 	 0.000000 	 1.796687 	 0.000000 	 0.000000 
( 4,  4) 	 0.000000 	 0.000000 	 0.000000 	 0.000000 
( 4,  5) 	 0.000000 	 0.000000 	 0.000000 	 1.135369 
( 4,  6) 	 0.000000 	 0.000000 	 0.000000 	 0.000000 
( 4,  7) 	 0.000000 	 0.000000 	 0.000000 	 0.000000 
( 4,  8) 	 0.000000 	 0.000000 	 0.000000 	 0.000000 
( 4,  9) 	 2.073637 	 16.590212 	 0.000000 	 7.447309 
( 5,  0) 	 0.000000 	 1.763767 	 0.000000 	 3.755690 
( 5,  1) 	 0.000000 	 1.000034 	 0.000000 	 0.000000 
( 5,  2) 	 1.012930 	 1.108450 	 1.013232 	 0.000000 
( 5,  3) 	 1.254625 	 0.000000 	 0.000000 	 0.000000 
( 5,  4) 	 0.000000 	 0.000000 	 0.000000 	 0.000000 
( 5,  5) 	 0.000000 	 0.000000 	 0.999698 	 0.000000 
( 5,  6) 	 0.000000 	 1.167438 	 1.013232 	 0.000000 
( 5,  7) 	 0.000000 	 3.971751 	 2.612606 	 0.000000 
( 5,  8) 	 0.000000 	 3.933220 	 8.572251 	 0.000000 
( 5,  9) 	 -0.122406 	 13.915523 	 2.603662 	 4.122235 
( 6,  0) 	 0.000000 	 1.682530 	 -1.500000 	 3.885248 
( 6,  1) 	 0.000000 	 0.000000 	 0.000000 	 0.000000 
( 6,  2) 	 0.000000 	 3.470034 	 1.000335 	 0.000000 
( 6,  3) 	 0.000000 	 0.000000 	 0.000000 	 0.878198 
( 6,  4) 	 0.000000 	 0.000000 	 0.000000 	 0.000000 
( 6,  5) 	 0.000000 	 0.000000 	 0.000000 	 0.000000 
( 6,  6) 	 0.000000 	 0.447384 	 0.000000 	 -0.498829 
( 6,  7) 	 0.000000 	 0.000000 	 0.000000 	 0.000000 
( 6,  8) 	 0.000000 	 0.000000 	 2.933757 	 0.000000 
( 6,  9) 	 0.000000 	 8.743061 	 0.000000 	 3.886299 
( 7,  0) 	 0.000000 	 1.740798 	 0.000000 	 3.757543 
( 7,  1) 	 0.000000 	 0.000000 	 -0.168235 	 0.000000 
( 7,  2) 	 0.000000 	 6.122254 	 0.000000 	 0.000000 
( 7,  3) 	 0.000000 	 0.000000 	 0.000000 	 2.651401 
( 7,  4) 	 0.317443 	 0.000000 	 0.000000 	 -0.363994 
( 7,  5) 	 -0.120566 	 -0.358597 	 0.232411 	 7.356471 
( 7,  6) 	 -0.952559 	 1.162428 	 -0.739846 	 -1.478931 
( 7,  7) 	 0.000000 	 0.000000 	 0.000000 	 0.000000 
( 7,  8) 	 0.000000 	 2.233559 	 0.000000 	 0.000000 
( 7,  9) 	 0.000000 	 7.642804 	 1.699848 	 3.175587 
( 8,  0) 	 -0.717144 	 1.669562 	 3.982289 	 0.406106 
( 8,  1) 	 1.963204 	 0.298241 	 2.466841 	 8.931589 
( 8,  2) 	 0.000000 	 4.921003 	 1.435726 	 4.647915 
( 8,  3) 	 0.642037 	 0.000000 	 0.000000 	 2.606342 
( 8,  4) 	 0.000000 	 0.000000 	 0.000000 	 0.000000 
( 8,  5) 	 0.000000 	 1.761223 	 0.307228 	 6.261902 
( 8,  6) 	 -0.061203 	 -1.197640 	 2.776601 	 -0.629259 
( 8,  7) 	 0.000000 	 0.000000 	 1.524519 	 2.478675 
( 8,  8) 	 0.000000 	 1.841824 	 0.000000 	 0.000000 
( 8,  9) 	 0.000000 	 7.137115 	 0.000000 	 3.005445 
( 9,  0) 	 0.000000 	 0.814377 	 -0.361965 	 0.000000 
( 9,  1) 	 -0.121768 	 2.917675 	 5.217246 	 0.000000 
( 9,  2) 	 0.000000 	 4.433294 	 5.767782 	 0.000000 
( 9,  3) 	 0.486880 	 0.000000 	 7.538825 	 0.000000 
( 9,  4) 	 2.441727 	 0.000000 	 5.757944 	 0.000000 
( 9,  5) 	 0.000000 	 0.000000 	 6.069806 	 1.800872 
( 9,  6) 	 0.000000 	 1.330964 	 5.881116 	 1.962277 
( 9,  7) 	 2.355074 	 0.000000 	 5.903376 	 3.387125 
( 9,  8) 	 1.693913 	 0.000000 	 6.002309 	 2.375990 
( 9,  9) 	 1.963909 	 6.412105 	 0.000000 	 3.950623 
