State 	 Left 	 Up 	 Right 	 Down 
( 0,  0) 	 0.000000 	 0.000000 	 0.000000 	 3.954313 
( 0,  1) 	 -0.449210 	 -0.500000 	 -0.667792 	 0.000000 
( 0,  2) 	 0.000000 	 0.000000 	 0.000000 	 0.000000 
( 0,  3) 	 0.000000 	 0.000000 	 0.000000 	 0.000000 
( 0,  4) 	 0.000000 	 0.000000 	 0.000000 	 0.000000 
( 0,  5) 	 0.000000 	 0.000000 	 0.000000 	 0.000000 
( 0,  6) 	 0.000000 	 0.000000 	 0.000000 	 0.000000 
( 0,  7) 	 0.000000 	 0.000000 	 0.000000 	 0.000000 
( 0,  8) 	 0.000000 	 0.000000 	 0.000000 	 0.000000 
( 0,  9) 	 0.000000 	 0.000000 	 0.000000 	 0.000000 
( 1,  0) 	 0.000000 	 0.000000 	 4.602133 	 0.000000 
( 1,  1) 	 0.000000 	 -0.122406 	 5.318049 	 0.000000 
( 1,  2) 	 0.000000 	 0.000000 	 5.837506 	 0.000000 
( 1,  3) 	 0.000000 	 0.000000 	 6.439089 	 0.000034 
( 1,  4) 	 0.000000 	 0.000000 	 6.880777 	 0.000000 
( 1,  5) 	 0.000000 	 0.000000 	 0.000000 	 7.679554 
( 1,  6) 	 0.000000 	 0.000000 	 0.000000 	 0.000000 
( 1,  7) 	 0.000000 	 6.148936 	 11.803621 	 6.055631 
( 1,  8) 	 0.000000 	 0.000000 	 0.000000 	 0.000000 
( 1,  9) 	 5.878198 	 0.000000 	 0.000000 	 0.000000 
( 2,  0) 	 0.000000 	 0.000000 	 0.000000 	 0.000000 
( 2,  1) 	 0.000000 	 0.000000 	 0.000000 	 0.000000 
( 2,  2) 	 0.000000 	 0.000000 	 0.000000 	 0.000000 
( 2,  3) 	 -0.390137 	 0.000000 	 0.136006 	 0.000000 
( 2,  4) 	 0.000000 	 0.000000 	 -0.374895 	 0.000000 
( 2,  5) 	 0.000000 	 0.000000 	 0.000000 	 8.290028 
( 2,  6) 	 0.000000 	 0.000000 	 0.000000 	 0.000000 
( 2,  7) 	 0.000000 	 14.513396 	 0.000000 	 0.000000 
( 2,  8) 	 0.000000 	 0.000000 	 0.000000 	 0.000000 
( 2,  9) 	 0.000000 	 1.136342 	 0.000000 	 0.000000 
( 3,  0) 	 0.000000 	 0.000000 	 0.000000 	 0.000000 
( 3,  1) 	 0.000000 	 0.000000 	 0.000000 	 0.000000 
( 3,  2) 	 0.000000 	 0.000000 	 0.000000 	 0.000000 
( 3,  3) 	 0.000000 	 0.000000 	 0.000000 	 0.000000 
( 3,  4) 	 0.000000 	 0.000000 	 0.000000 	 0.000000 
( 3,  5) 	 0.000000 	 2.121731 	 8.621857 	 0.000000 
( 3,  6) 	 0.000000 	 0.000000 	 12.780729 	 0.000000 
( 3,  7) 	 0.000000 	 14.069607 	 0.000000 	 0.000000 
( 3,  8) 	 0.000000 	 0.000000 	 0.000000 	 0.000000 
( 3,  9) 	 0.000000 	 1.136342 	 0.000000 	 0.000000 
( 4,  0) 	 0.000000 	 0.000000 	 0.000000 	 0.000000 
( 4,  1) 	 0.000000 	 0.000000 	 0.000000 	 0.000000 
( 4,  2) 	 0.000000 	 0.000000 	 0.000000 	 0.000000 
( 4,  3) 	 0.000000 	 0.000000 	 0.000000 	 0.000000 
( 4,  4) 	 0.000000 	 0.000000 	 0.000000 	 0.000000 
( 4,  5) 	 1.975980 	 3.056765 	 0.000000 	 -0.061003 
( 4,  6) 	 0.000000 	 10.025332 	 0.000000 	 0.000000 
( 4,  7) 	 0.000000 	 0.000000 	 0.000000 	 0.000000 
( 4,  8) 	 0.000000 	 0.000000 	 0.000000 	 0.000000 
( 4,  9) 	 0.000000 	 1.135671 	 0.000000 	 0.000000 
( 5,  0) 	 0.000000 	 0.000000 	 0.000000 	 0.000000 
( 5,  1) 	 0.000000 	 0.000000 	 0.000000 	 0.000000 
( 5,  2) 	 0.000000 	 0.000000 	 0.000000 	 0.000000 
( 5,  3) 	 0.000000 	 0.000000 	 -0.000302 	 0.000000 
( 5,  4) 	 0.000000 	 -0.499665 	 0.000000 	 0.000000 
( 5,  5) 	 0.000000 	 1.682298 	 0.000000 	 0.000000 
( 5,  6) 	 0.000000 	 9.463852 	 0.000000 	 0.000000 
( 5,  7) 	 3.757171 	 0.000000 	 0.000000 	 0.000000 
( 5,  8) 	 0.000000 	 0.000000 	 0.000000 	 0.000000 
( 5,  9) 	 0.000000 	 1.135671 	 0.000000 	 0.000000 
( 6,  0) 	 0.000000 	 0.000000 	 0.000000 	 0.000000 
( 6,  1) 	 0.000000 	 0.000000 	 0.000000 	 0.000000 
( 6,  2) 	 0.000000 	 0.000000 	 -0.000198 	 0.000000 
( 6,  3) 	 -0.000160 	 -0.000245 	 0.000000 	 0.000000 
( 6,  4) 	 0.000000 	 0.000000 	 0.000000 	 0.000000 
( 6,  5) 	 0.000000 	 0.000000 	 0.000000 	 0.000000 
( 6,  6) 	 0.000000 	 8.549909 	 0.000335 	 0.000000 
( 6,  7) 	 0.000000 	 0.136006 	 0.000000 	 0.000000 
( 6,  8) 	 0.000000 	 0.000000 	 0.000000 	 0.000000 
( 6,  9) 	 0.000000 	 1.013232 	 0.000000 	 0.000000 
( 7,  0) 	 0.000000 	 0.000000 	 0.000000 	 0.000000 
( 7,  1) 	 0.000000 	 0.000000 	 0.000000 	 0.000000 
( 7,  2) 	 0.000000 	 -0.000000 	 0.000000 	 0.000000 
( 7,  3) 	 -0.000302 	 0.000000 	 0.000000 	 0.000000 
( 7,  4) 	 0.000000 	 0.000000 	 0.000000 	 0.000000 
( 7,  5) 	 0.000000 	 0.000000 	 5.538591 	 0.000000 
( 7,  6) 	 0.000000 	 7.600799 	 0.000000 	 -0.122104 
( 7,  7) 	 0.000000 	 0.000000 	 0.000000 	 0.000000 
( 7,  8) 	 0.000000 	 0.000000 	 0.878534 	 0.000000 
( 7,  9) 	 0.000000 	 1.000335 	 0.000000 	 0.000000 
( 8,  0) 	 0.000000 	 0.000000 	 0.000000 	 0.000000 
( 8,  1) 	 0.000000 	 0.000000 	 0.000000 	 3.206095 
( 8,  2) 	 0.000000 	 0.000000 	 0.136006 	 0.000000 
( 8,  3) 	 -0.012241 	 -0.000848 	 -0.486399 	 0.000000 
( 8,  4) 	 0.000000 	 0.000000 	 0.000000 	 0.000000 
( 8,  5) 	 -0.489282 	 0.000000 	 0.013232 	 0.000000 
( 8,  6) 	 -0.396319 	 4.975600 	 1.000671 	 0.000000 
( 8,  7) 	 0.000000 	 0.000000 	 1.135335 	 0.000000 
( 8,  8) 	 0.000000 	 0.877896 	 0.000000 	 0.000000 
( 8,  9) 	 0.000000 	 0.000000 	 0.000000 	 0.000000 
( 9,  0) 	 0.000000 	 0.000000 	 0.000000 	 0.000000 
( 9,  1) 	 0.000000 	 0.000000 	 3.705217 	 0.000000 
( 9,  2) 	 0.000000 	 0.000000 	 4.252099 	 0.000000 
( 9,  3) 	 0.000000 	 -0.000302 	 4.575003 	 0.000000 
( 9,  4) 	 0.000000 	 0.000000 	 5.027096 	 0.000000 
( 9,  5) 	 0.000000 	 0.000000 	 5.275493 	 0.000000 
( 9,  6) 	 0.000000 	 5.655017 	 0.000000 	 0.000000 
( 9,  7) 	 0.000000 	 0.000000 	 0.000000 	 0.000000 
( 9,  8) 	 0.000000 	 0.000000 	 0.000000 	 0.000000 
( 9,  9) 	 0.000000 	 0.000000 	 0.000000 	 0.000000 
