State 	 Left 	 Up 	 Right 	 Down 
( 0,  0) 	 0.000000 	 0.000000 	 0.000000 	 10.690249 
( 0,  1) 	 1.483209 	 0.000000 	 0.000000 	 0.000000 
( 0,  2) 	 0.000000 	 0.000000 	 0.000000 	 0.000000 
( 0,  3) 	 0.000000 	 0.000000 	 0.000000 	 0.000000 
( 0,  4) 	 0.000000 	 0.000000 	 0.000000 	 0.000000 
( 0,  5) 	 0.000000 	 0.000000 	 13.451748 	 4.526200 
( 0,  6) 	 3.206692 	 0.000000 	 14.599165 	 4.985425 
( 0,  7) 	 0.000000 	 3.576680 	 13.655541 	 5.545669 
( 0,  8) 	 0.000000 	 0.000000 	 6.149540 	 13.982841 
( 0,  9) 	 0.000000 	 0.000000 	 0.000000 	 0.000000 
( 1,  0) 	 0.000000 	 -0.061457 	 9.381634 	 2.769180 
( 1,  1) 	 0.000000 	 -0.122406 	 10.398302 	 2.865240 
( 1,  2) 	 0.000000 	 0.000000 	 10.932487 	 3.126711 
( 1,  3) 	 0.000000 	 0.000000 	 11.523418 	 3.423963 
( 1,  4) 	 0.000000 	 0.000000 	 11.909286 	 3.751529 
( 1,  5) 	 0.000000 	 9.773762 	 5.074342 	 4.116920 
( 1,  6) 	 0.000000 	 0.000000 	 0.000000 	 0.000000 
( 1,  7) 	 0.000000 	 0.000000 	 0.000000 	 0.000000 
( 1,  8) 	 0.000000 	 0.000000 	 0.000000 	 0.000000 
( 1,  9) 	 11.330996 	 10.237877 	 5.769695 	 9.911915 
( 2,  0) 	 0.000000 	 0.000000 	 0.000000 	 0.000000 
( 2,  1) 	 0.000000 	 0.000000 	 0.000000 	 0.000000 
( 2,  2) 	 0.000000 	 0.000000 	 0.000000 	 0.000000 
( 2,  3) 	 0.000000 	 0.000000 	 0.000000 	 0.000000 
( 2,  4) 	 0.000000 	 0.000000 	 0.000000 	 0.000000 
( 2,  5) 	 0.000000 	 0.000000 	 0.000000 	 0.000000 
( 2,  6) 	 0.000000 	 0.000000 	 0.000000 	 0.000000 
( 2,  7) 	 0.000000 	 0.000000 	 2.094916 	 0.000000 
( 2,  8) 	 0.000000 	 7.866227 	 0.000000 	 0.000000 
( 2,  9) 	 0.000000 	 15.775828 	 5.465305 	 9.421547 
( 3,  0) 	 0.000000 	 0.000000 	 0.000000 	 0.000000 
( 3,  1) 	 0.000000 	 0.000000 	 0.000000 	 0.000000 
( 3,  2) 	 0.000000 	 0.000000 	 0.000000 	 0.000000 
( 3,  3) 	 0.000000 	 0.000000 	 0.000000 	 0.000000 
( 3,  4) 	 0.000000 	 0.000000 	 0.000000 	 0.000000 
( 3,  5) 	 0.000000 	 0.000000 	 0.000000 	 0.000000 
( 3,  6) 	 0.000000 	 4.177278 	 12.224505 	 4.539109 
( 3,  7) 	 0.000000 	 3.336336 	 11.804667 	 6.529449 
( 3,  8) 	 5.002449 	 4.992532 	 11.949901 	 4.685050 
( 3,  9) 	 0.000000 	 14.953622 	 5.163063 	 9.806732 
( 4,  0) 	 0.000000 	 0.000000 	 0.000000 	 0.000000 
( 4,  1) 	 0.000000 	 0.000000 	 0.000000 	 0.000000 
( 4,  2) 	 0.000000 	 0.000000 	 0.000000 	 0.000000 
( 4,  3) 	 0.000000 	 0.000000 	 0.000000 	 0.000000 
( 4,  4) 	 0.000000 	 0.000000 	 0.000000 	 0.000000 
( 4,  5) 	 0.000000 	 0.000000 	 0.000000 	 0.000000 
( 4,  6) 	 0.000000 	 11.534483 	 4.626663 	 4.613096 
( 4,  7) 	 0.000000 	 0.000000 	 0.000000 	 0.000000 
( 4,  8) 	 0.000000 	 0.000000 	 0.000000 	 0.000000 
( 4,  9) 	 2.331950 	 9.957548 	 0.000000 	 4.749767 
( 5,  0) 	 0.000000 	 0.000000 	 0.000000 	 0.000000 
( 5,  1) 	 0.000000 	 0.000000 	 0.000000 	 0.000000 
( 5,  2) 	 0.000000 	 0.000000 	 0.000000 	 0.000000 
( 5,  3) 	 0.000000 	 0.000000 	 0.000000 	 0.000000 
( 5,  4) 	 0.000000 	 0.000000 	 0.000000 	 0.000000 
( 5,  5) 	 0.000000 	 0.000000 	 0.000000 	 0.000000 
( 5,  6) 	 0.000000 	 11.190303 	 4.217897 	 4.217561 
( 5,  7) 	 0.000000 	 0.000000 	 0.000000 	 0.000000 
( 5,  8) 	 0.000000 	 0.000000 	 0.000000 	 0.000000 
( 5,  9) 	 0.000000 	 8.732627 	 0.000000 	 5.546233 
( 6,  0) 	 0.000000 	 0.000000 	 0.000000 	 0.000000 
( 6,  1) 	 0.000000 	 0.000000 	 0.000000 	 0.000000 
( 6,  2) 	 0.000000 	 0.000000 	 0.000000 	 0.000000 
( 6,  3) 	 0.000000 	 0.000000 	 0.000000 	 0.000000 
( 6,  4) 	 0.000000 	 0.000000 	 0.000000 	 0.000000 
( 6,  5) 	 0.000000 	 0.000000 	 0.000000 	 0.000000 
( 6,  6) 	 0.000000 	 10.619940 	 3.866193 	 3.865522 
( 6,  7) 	 0.000000 	 0.000000 	 0.000000 	 0.000000 
( 6,  8) 	 0.000000 	 0.000000 	 0.000000 	 0.000000 
( 6,  9) 	 0.000000 	 8.176972 	 0.000000 	 3.970657 
( 7,  0) 	 0.000000 	 0.000000 	 0.000000 	 0.000000 
( 7,  1) 	 0.000000 	 0.000000 	 0.000000 	 0.000000 
( 7,  2) 	 0.000000 	 0.000000 	 0.000000 	 0.000000 
( 7,  3) 	 0.000000 	 0.000000 	 0.000000 	 0.000000 
( 7,  4) 	 0.000000 	 0.000000 	 0.000000 	 0.000000 
( 7,  5) 	 0.000000 	 0.000000 	 10.859557 	 3.301859 
( 7,  6) 	 0.000000 	 9.553800 	 3.832782 	 3.501059 
( 7,  7) 	 0.000000 	 0.000000 	 0.000000 	 0.000000 
( 7,  8) 	 0.000000 	 0.000000 	 0.000000 	 0.000000 
( 7,  9) 	 0.000000 	 7.668658 	 0.000000 	 5.408209 
( 8,  0) 	 0.000000 	 0.000000 	 0.000000 	 0.000000 
( 8,  1) 	 0.000000 	 0.000000 	 0.000000 	 4.629542 
( 8,  2) 	 0.000000 	 0.000000 	 0.000000 	 0.000000 
( 8,  3) 	 0.000000 	 0.000000 	 0.000000 	 0.000000 
( 8,  4) 	 0.000000 	 0.000000 	 0.000000 	 0.000000 
( 8,  5) 	 0.000000 	 2.915466 	 0.000000 	 2.408328 
( 8,  6) 	 -0.000302 	 0.000000 	 0.000000 	 0.000000 
( 8,  7) 	 0.000000 	 0.000000 	 0.000000 	 1.577704 
( 8,  8) 	 1.155535 	 0.000000 	 0.000000 	 0.000000 
( 8,  9) 	 -0.122406 	 7.483311 	 0.000000 	 3.723218 
( 9,  0) 	 0.000000 	 0.000000 	 0.000000 	 0.000000 
( 9,  1) 	 0.000000 	 0.000000 	 0.249079 	 0.082882 
( 9,  2) 	 0.000000 	 0.000000 	 2.298475 	 2.782610 
( 9,  3) 	 0.000000 	 0.000000 	 2.836484 	 1.767593 
( 9,  4) 	 0.000000 	 -0.500000 	 5.921708 	 5.409727 
( 9,  5) 	 -0.405000 	 0.913095 	 6.881555 	 4.800148 
( 9,  6) 	 -0.626367 	 0.000000 	 7.543057 	 2.861573 
( 9,  7) 	 0.000000 	 0.000000 	 7.187858 	 2.930935 
( 9,  8) 	 1.901932 	 0.000000 	 6.555396 	 3.153059 
( 9,  9) 	 0.000000 	 7.022953 	 0.000000 	 3.420644 
