State 	 Left 	 Up 	 Right 	 Down 
( 0,  0) 	 0.000000 	 0.000000 	 0.000000 	 3.141211 
( 0,  1) 	 0.000000 	 0.000000 	 0.000000 	 0.000000 
( 0,  2) 	 0.000000 	 0.000000 	 0.000000 	 0.000000 
( 0,  3) 	 0.000000 	 0.000000 	 0.000000 	 0.000000 
( 0,  4) 	 0.000000 	 0.000000 	 0.000000 	 0.000000 
( 0,  5) 	 0.000000 	 0.000000 	 0.000000 	 0.000000 
( 0,  6) 	 0.000000 	 0.000000 	 0.000000 	 0.000000 
( 0,  7) 	 0.000000 	 0.000000 	 0.000000 	 0.000000 
( 0,  8) 	 0.000000 	 0.000000 	 0.000000 	 0.000000 
( 0,  9) 	 0.000000 	 0.000000 	 0.000000 	 0.000000 
( 1,  0) 	 0.000000 	 0.000000 	 1.192212 	 0.711983 
( 1,  1) 	 0.000000 	 0.000000 	 0.000000 	 4.210026 
( 1,  2) 	 0.000000 	 0.000000 	 0.000000 	 0.000000 
( 1,  3) 	 0.000000 	 0.000000 	 0.000000 	 0.000000 
( 1,  4) 	 0.000000 	 0.000000 	 0.000000 	 0.000000 
( 1,  5) 	 0.000000 	 0.000000 	 0.000000 	 0.000000 
( 1,  6) 	 0.000000 	 0.000000 	 0.000000 	 0.000000 
( 1,  7) 	 0.000000 	 0.000000 	 0.000000 	 0.000000 
( 1,  8) 	 0.000000 	 0.000000 	 0.000000 	 0.000000 
( 1,  9) 	 0.000000 	 0.000000 	 0.000000 	 0.000000 
( 2,  0) 	 0.000000 	 0.000000 	 0.000000 	 0.000000 
( 2,  1) 	 0.000000 	 0.000000 	 0.000000 	 4.163888 
( 2,  2) 	 0.000000 	 0.000000 	 0.000000 	 0.000000 
( 2,  3) 	 0.000000 	 0.000000 	 0.000000 	 0.000000 
( 2,  4) 	 0.000000 	 0.000000 	 0.000000 	 0.000000 
( 2,  5) 	 0.000000 	 0.000000 	 0.000000 	 0.000000 
( 2,  6) 	 0.000000 	 0.000000 	 0.000000 	 0.000000 
( 2,  7) 	 0.000000 	 0.000000 	 5.108993 	 0.000000 
( 2,  8) 	 0.000000 	 12.048981 	 10.034421 	 6.013567 
( 2,  9) 	 4.119511 	 0.000000 	 0.000000 	 0.000000 
( 3,  0) 	 0.000000 	 0.000000 	 0.000000 	 0.000000 
( 3,  1) 	 0.000000 	 0.000000 	 0.000000 	 3.639840 
( 3,  2) 	 0.000000 	 0.000000 	 0.000000 	 0.000000 
( 3,  3) 	 0.000000 	 0.000000 	 5.194586 	 1.938211 
( 3,  4) 	 0.000000 	 0.000000 	 6.131887 	 2.034438 
( 3,  5) 	 0.000000 	 0.000000 	 7.304038 	 4.429248 
( 3,  6) 	 0.000000 	 0.000000 	 14.583485 	 4.774411 
( 3,  7) 	 0.000000 	 0.013903 	 15.354691 	 5.115487 
( 3,  8) 	 0.000000 	 11.084822 	 9.414096 	 5.546044 
( 3,  9) 	 0.000000 	 0.013567 	 -0.499665 	 0.000000 
( 4,  0) 	 0.000000 	 0.000000 	 0.000000 	 0.000000 
( 4,  1) 	 0.000000 	 0.000000 	 1.447839 	 0.760139 
( 4,  2) 	 0.000000 	 0.000000 	 1.135335 	 1.769742 
( 4,  3) 	 0.000000 	 4.374898 	 0.000000 	 1.727292 
( 4,  4) 	 0.000000 	 0.000000 	 0.000000 	 0.000000 
( 4,  5) 	 0.000000 	 0.000000 	 0.000000 	 0.000000 
( 4,  6) 	 0.000000 	 8.803701 	 4.416051 	 0.000000 
( 4,  7) 	 0.000000 	 0.000000 	 0.000000 	 0.000000 
( 4,  8) 	 0.000000 	 0.000000 	 0.000000 	 0.000000 
( 4,  9) 	 -0.827860 	 -0.404393 	 0.000000 	 -0.000000 
( 5,  0) 	 0.000000 	 0.000000 	 0.000000 	 0.000000 
( 5,  1) 	 0.000000 	 0.000000 	 0.013601 	 -0.486064 
( 5,  2) 	 -0.393712 	 -0.218933 	 0.997446 	 -0.000302 
( 5,  3) 	 -0.000245 	 2.371877 	 0.481512 	 0.000000 
( 5,  4) 	 1.858740 	 0.000000 	 -0.122154 	 0.000000 
( 5,  5) 	 0.000000 	 0.000000 	 2.780936 	 0.000000 
( 5,  6) 	 -0.000030 	 8.403475 	 3.740543 	 -0.215234 
( 5,  7) 	 -0.174490 	 -0.500000 	 0.568387 	 -0.194064 
( 5,  8) 	 -0.141583 	 -0.810946 	 -0.424920 	 1.368781 
( 5,  9) 	 1.130508 	 -0.670567 	 -0.500000 	 -0.524663 
( 6,  0) 	 0.000000 	 0.000000 	 0.000000 	 0.000000 
( 6,  1) 	 0.000000 	 0.000000 	 0.000000 	 0.000000 
( 6,  2) 	 -0.500030 	 0.000000 	 0.000335 	 -0.000000 
( 6,  3) 	 -0.405326 	 -0.000268 	 0.700302 	 -0.000000 
( 6,  4) 	 -0.328314 	 0.814368 	 0.000000 	 -0.000151 
( 6,  5) 	 0.000000 	 0.000000 	 0.000000 	 0.000000 
( 6,  6) 	 -0.500000 	 7.773851 	 3.172629 	 -0.265721 
( 6,  7) 	 -0.405000 	 -0.072567 	 -0.314298 	 -0.749132 
( 6,  8) 	 -0.388578 	 0.458844 	 -0.179984 	 0.941463 
( 6,  9) 	 -0.142801 	 0.880435 	 -0.905950 	 -0.161334 
( 7,  0) 	 0.000000 	 0.000000 	 0.000000 	 0.000000 
( 7,  1) 	 0.000000 	 0.000000 	 4.670505 	 0.000000 
( 7,  2) 	 0.000000 	 0.000000 	 5.355327 	 0.000000 
( 7,  3) 	 -0.000000 	 -0.000519 	 5.727578 	 -1.177668 
( 7,  4) 	 -0.000000 	 0.256361 	 6.382248 	 -0.500000 
( 7,  5) 	 -0.258175 	 -0.500000 	 8.836121 	 -0.017842 
( 7,  6) 	 -0.476941 	 6.950142 	 2.876364 	 0.389371 
( 7,  7) 	 0.000000 	 0.000000 	 0.000000 	 0.000000 
( 7,  8) 	 -0.765721 	 0.892858 	 -0.103117 	 -0.069466 
( 7,  9) 	 -0.620234 	 0.858733 	 -0.749988 	 -0.476906 
( 8,  0) 	 0.000000 	 0.000000 	 0.000000 	 0.000000 
( 8,  1) 	 0.000000 	 4.081852 	 0.000000 	 0.000000 
( 8,  2) 	 0.000000 	 -0.000000 	 0.000000 	 0.000000 
( 8,  3) 	 -0.000000 	 -0.953911 	 -0.500000 	 0.000000 
( 8,  4) 	 0.000000 	 0.000000 	 0.000000 	 0.000000 
( 8,  5) 	 -0.500000 	 -0.540178 	 0.336848 	 -0.405000 
( 8,  6) 	 -0.261033 	 2.967836 	 0.681408 	 0.053624 
( 8,  7) 	 0.740948 	 -0.716050 	 -0.208327 	 -0.194647 
( 8,  8) 	 -0.108700 	 -0.092577 	 0.550249 	 -0.265242 
( 8,  9) 	 0.671232 	 -0.588779 	 -0.732591 	 -0.598437 
( 9,  0) 	 0.000000 	 0.000000 	 0.000000 	 0.000000 
( 9,  1) 	 0.000000 	 0.000000 	 0.000000 	 0.000000 
( 9,  2) 	 0.000000 	 0.000000 	 0.000000 	 0.000000 
( 9,  3) 	 0.000000 	 0.000000 	 0.000000 	 0.000000 
( 9,  4) 	 0.000000 	 -0.500000 	 0.000000 	 0.000000 
( 9,  5) 	 0.000000 	 -0.405000 	 -0.202500 	 -0.500000 
( 9,  6) 	 -0.164025 	 1.927566 	 -0.405000 	 -0.837591 
( 9,  7) 	 0.213004 	 -0.456508 	 -0.404270 	 -1.023183 
( 9,  8) 	 -0.327459 	 -0.265721 	 0.147932 	 -0.499099 
( 9,  9) 	 0.063672 	 -0.338095 	 -0.500000 	 -0.754066 
