State 	 Left 	 Up 	 Right 	 Down 
( 0,  0) 	 -0.929151 	 0.000000 	 0.000000 	 5.249460 
( 0,  1) 	 0.000000 	 0.000000 	 0.000000 	 0.000000 
( 0,  2) 	 0.000000 	 0.000000 	 0.000000 	 0.000000 
( 0,  3) 	 -0.671092 	 0.000000 	 1.009663 	 -0.060852 
( 0,  4) 	 0.000000 	 0.000000 	 11.071175 	 0.000000 
( 0,  5) 	 0.000000 	 0.000000 	 6.931380 	 7.410966 
( 0,  6) 	 0.000000 	 0.000000 	 12.765468 	 0.000000 
( 0,  7) 	 0.000000 	 0.000000 	 5.990373 	 9.861083 
( 0,  8) 	 5.450959 	 0.000000 	 0.000000 	 12.015558 
( 0,  9) 	 7.851758 	 0.000000 	 0.000000 	 0.000000 
( 1,  0) 	 0.000000 	 0.000000 	 0.441629 	 4.217749 
( 1,  1) 	 0.000000 	 0.000000 	 0.999698 	 0.570343 
( 1,  2) 	 0.000000 	 0.000000 	 1.472628 	 0.000000 
( 1,  3) 	 0.000000 	 1.020880 	 6.898710 	 0.000000 
( 1,  4) 	 0.000000 	 10.280061 	 0.000000 	 0.000000 
( 1,  5) 	 1.459675 	 3.854239 	 1.642463 	 7.823969 
( 1,  6) 	 0.000000 	 0.000000 	 0.000000 	 0.000000 
( 1,  7) 	 0.000000 	 0.000000 	 17.290371 	 0.000000 
( 1,  8) 	 0.000000 	 0.000000 	 0.000000 	 0.000000 
( 1,  9) 	 0.000000 	 5.092238 	 0.000000 	 0.000000 
( 2,  0) 	 0.000000 	 0.000000 	 0.000000 	 4.121072 
( 2,  1) 	 0.000000 	 1.013567 	 0.000000 	 0.638503 
( 2,  2) 	 0.000000 	 0.000000 	 0.000000 	 0.000000 
( 2,  3) 	 0.000000 	 5.225983 	 0.000000 	 0.000000 
( 2,  4) 	 0.000000 	 6.895819 	 3.707614 	 0.000000 
( 2,  5) 	 0.000000 	 3.650235 	 0.000000 	 12.296393 
( 2,  6) 	 0.000000 	 0.000000 	 0.000000 	 0.000000 
( 2,  7) 	 0.000000 	 12.992221 	 0.298509 	 0.000000 
( 2,  8) 	 0.000000 	 0.000000 	 0.000000 	 -0.687280 
( 2,  9) 	 0.000000 	 4.471557 	 0.000000 	 0.000000 
( 3,  0) 	 0.000000 	 0.000000 	 0.000000 	 4.034186 
( 3,  1) 	 0.000000 	 1.135033 	 0.000000 	 1.551420 
( 3,  2) 	 0.000000 	 0.000000 	 0.000000 	 0.000000 
( 3,  3) 	 0.000000 	 1.358119 	 8.993331 	 0.000000 
( 3,  4) 	 0.000000 	 9.602271 	 0.000000 	 0.000000 
( 3,  5) 	 0.198373 	 4.857212 	 7.539677 	 9.124131 
( 3,  6) 	 0.000000 	 0.000000 	 14.616028 	 2.900010 
( 3,  7) 	 0.000000 	 12.630822 	 3.393921 	 0.000000 
( 3,  8) 	 4.559115 	 0.000000 	 3.427242 	 0.000000 
( 3,  9) 	 0.000000 	 3.688294 	 -2.386433 	 0.000000 
( 4,  0) 	 0.000000 	 -0.346177 	 4.239943 	 0.000000 
( 4,  1) 	 0.000000 	 0.877963 	 6.764683 	 0.000000 
( 4,  2) 	 1.280078 	 1.247156 	 7.418500 	 0.436646 
( 4,  3) 	 0.000000 	 11.310484 	 -0.098468 	 0.000000 
( 4,  4) 	 0.000000 	 0.000000 	 0.000000 	 0.000000 
( 4,  5) 	 0.000000 	 6.918791 	 8.070425 	 0.013869 
( 4,  6) 	 4.190226 	 9.210357 	 2.620956 	 2.608399 
( 4,  7) 	 0.000000 	 0.000000 	 0.000000 	 0.000000 
( 4,  8) 	 0.000000 	 0.000000 	 0.000000 	 0.000000 
( 4,  9) 	 0.000000 	 0.000000 	 0.000000 	 0.000000 
( 5,  0) 	 0.000000 	 0.000000 	 0.000000 	 0.000000 
( 5,  1) 	 0.000000 	 0.000000 	 0.000000 	 0.000000 
( 5,  2) 	 0.000000 	 5.243463 	 0.135067 	 0.000000 
( 5,  3) 	 0.000000 	 0.000000 	 -0.122339 	 0.000000 
( 5,  4) 	 0.000000 	 0.000000 	 2.897997 	 0.000000 
( 5,  5) 	 0.000000 	 8.015344 	 0.000000 	 0.000000 
( 5,  6) 	 6.969819 	 4.287515 	 0.000000 	 2.283627 
( 5,  7) 	 0.000000 	 0.000000 	 0.000000 	 0.000000 
( 5,  8) 	 0.000000 	 0.000000 	 0.000000 	 0.000000 
( 5,  9) 	 0.000000 	 0.000000 	 0.000000 	 0.000000 
( 6,  0) 	 0.000000 	 0.000000 	 0.000000 	 0.000000 
( 6,  1) 	 0.000000 	 0.000000 	 0.000000 	 0.000000 
( 6,  2) 	 0.000000 	 6.049760 	 0.000000 	 0.000000 
( 6,  3) 	 0.000000 	 0.000000 	 0.000000 	 0.000000 
( 6,  4) 	 0.000000 	 0.000000 	 0.000000 	 0.000000 
( 6,  5) 	 0.000000 	 0.000000 	 0.000000 	 0.000000 
( 6,  6) 	 0.000000 	 9.202484 	 1.000403 	 0.000000 
( 6,  7) 	 6.781058 	 0.000000 	 0.000000 	 0.000000 
( 6,  8) 	 0.000000 	 0.000000 	 0.000000 	 0.000000 
( 6,  9) 	 0.000000 	 0.000000 	 0.000000 	 0.000000 
( 7,  0) 	 0.000000 	 0.000000 	 0.000000 	 0.000000 
( 7,  1) 	 0.000000 	 -0.085876 	 2.874570 	 0.000000 
( 7,  2) 	 0.000000 	 6.206152 	 0.000000 	 0.000000 
( 7,  3) 	 0.000000 	 0.000000 	 0.000000 	 0.000000 
( 7,  4) 	 0.000000 	 0.000000 	 0.000000 	 0.000000 
( 7,  5) 	 0.000000 	 0.000000 	 9.744430 	 0.000000 
( 7,  6) 	 2.341325 	 8.608368 	 0.000000 	 0.000000 
( 7,  7) 	 0.000000 	 0.000000 	 0.000000 	 0.000000 
( 7,  8) 	 0.000000 	 0.000000 	 0.000000 	 0.000000 
( 7,  9) 	 0.000000 	 0.000000 	 0.000000 	 0.000000 
( 8,  0) 	 0.000000 	 0.000000 	 0.000000 	 0.000000 
( 8,  1) 	 0.000000 	 2.807515 	 1.013232 	 1.000000 
( 8,  2) 	 0.000000 	 1.611660 	 0.000000 	 0.000000 
( 8,  3) 	 0.000000 	 0.000000 	 0.000000 	 0.000000 
( 8,  4) 	 0.000000 	 0.000000 	 0.000000 	 0.000000 
( 8,  5) 	 0.000000 	 0.000000 	 0.000000 	 0.000000 
( 8,  6) 	 0.000000 	 0.000000 	 0.000000 	 0.000000 
( 8,  7) 	 0.000000 	 0.000000 	 0.000000 	 0.000000 
( 8,  8) 	 0.000000 	 0.000000 	 0.000000 	 0.000000 
( 8,  9) 	 0.000000 	 0.000000 	 0.000000 	 0.000000 
( 9,  0) 	 0.000000 	 0.000000 	 0.000000 	 0.000000 
( 9,  1) 	 0.000000 	 0.550000 	 0.000000 	 0.000000 
( 9,  2) 	 0.000000 	 0.000000 	 0.000000 	 0.000000 
( 9,  3) 	 0.000000 	 0.000000 	 0.000000 	 0.000000 
( 9,  4) 	 0.000000 	 0.000000 	 0.000000 	 0.000000 
( 9,  5) 	 0.000000 	 0.000000 	 0.000000 	 0.000000 
( 9,  6) 	 0.000000 	 0.000000 	 0.000000 	 0.000000 
( 9,  7) 	 0.000000 	 0.000000 	 0.000000 	 0.000000 
( 9,  8) 	 0.000000 	 0.000000 	 0.000000 	 0.000000 
( 9,  9) 	 0.000000 	 0.000000 	 0.000000 	 0.000000 
