State 	 Left 	 Up 	 Right 	 Down 
( 0,  0) 	 -0.929151 	 0.000000 	 0.000000 	 4.698274 
( 0,  1) 	 0.000000 	 0.000000 	 0.000000 	 0.000000 
( 0,  2) 	 0.000000 	 0.000000 	 0.000000 	 0.000000 
( 0,  3) 	 -0.671092 	 0.000000 	 1.009663 	 -0.060852 
( 0,  4) 	 0.000000 	 0.000000 	 10.428327 	 0.000000 
( 0,  5) 	 0.000000 	 0.000000 	 3.216461 	 6.552251 
( 0,  6) 	 0.000000 	 0.000000 	 8.744791 	 0.000000 
( 0,  7) 	 0.000000 	 0.000000 	 3.108477 	 9.861083 
( 0,  8) 	 5.450959 	 0.000000 	 0.000000 	 6.148265 
( 0,  9) 	 5.414975 	 0.000000 	 0.000000 	 0.000000 
( 1,  0) 	 0.000000 	 0.000000 	 0.441629 	 3.716014 
( 1,  1) 	 0.000000 	 0.000000 	 0.999698 	 0.570343 
( 1,  2) 	 0.000000 	 0.000000 	 1.472628 	 0.000000 
( 1,  3) 	 0.000000 	 1.020880 	 6.898710 	 0.000000 
( 1,  4) 	 0.000000 	 9.872020 	 0.000000 	 0.000000 
( 1,  5) 	 1.459675 	 0.000000 	 0.000000 	 6.646400 
( 1,  6) 	 0.000000 	 0.000000 	 0.000000 	 0.000000 
( 1,  7) 	 0.000000 	 0.000000 	 15.853107 	 0.000000 
( 1,  8) 	 0.000000 	 0.000000 	 0.000000 	 0.000000 
( 1,  9) 	 0.000000 	 1.135671 	 0.000000 	 0.000000 
( 2,  0) 	 0.000000 	 0.000000 	 0.000000 	 3.681985 
( 2,  1) 	 0.000000 	 1.013567 	 0.000000 	 0.638503 
( 2,  2) 	 0.000000 	 0.000000 	 0.000000 	 0.000000 
( 2,  3) 	 0.000000 	 5.225983 	 0.000000 	 0.000000 
( 2,  4) 	 0.000000 	 6.545171 	 0.000000 	 0.000000 
( 2,  5) 	 0.000000 	 0.000000 	 0.000000 	 7.111105 
( 2,  6) 	 0.000000 	 0.000000 	 0.000000 	 0.000000 
( 2,  7) 	 0.000000 	 10.930560 	 0.000000 	 0.000000 
( 2,  8) 	 0.000000 	 0.000000 	 0.000000 	 0.000000 
( 2,  9) 	 0.000000 	 1.013567 	 0.000000 	 0.000000 
( 3,  0) 	 0.000000 	 0.000000 	 0.000000 	 3.615519 
( 3,  1) 	 0.000000 	 1.135033 	 0.000000 	 1.551420 
( 3,  2) 	 0.000000 	 0.000000 	 0.000000 	 0.000000 
( 3,  3) 	 0.000000 	 1.358119 	 4.535111 	 0.000000 
( 3,  4) 	 0.000000 	 5.376499 	 0.000000 	 0.000000 
( 3,  5) 	 0.198373 	 1.489199 	 4.098998 	 7.349995 
( 3,  6) 	 0.000000 	 0.000000 	 11.536563 	 2.900010 
( 3,  7) 	 0.000000 	 10.053608 	 1.149238 	 0.000000 
( 3,  8) 	 0.000000 	 0.000000 	 1.013903 	 0.000000 
( 3,  9) 	 0.000000 	 0.878232 	 -2.386433 	 0.000000 
( 4,  0) 	 0.000000 	 -0.346177 	 3.837896 	 0.000000 
( 4,  1) 	 0.000000 	 0.877963 	 6.645055 	 0.000000 
( 4,  2) 	 1.280078 	 0.000000 	 6.588978 	 0.436646 
( 4,  3) 	 0.000000 	 6.407513 	 0.000000 	 0.000000 
( 4,  4) 	 0.000000 	 0.000000 	 0.000000 	 0.000000 
( 4,  5) 	 0.000000 	 3.126046 	 7.938330 	 0.013869 
( 4,  6) 	 0.000000 	 8.564086 	 2.620956 	 0.000000 
( 4,  7) 	 0.000000 	 0.000000 	 0.000000 	 0.000000 
( 4,  8) 	 0.000000 	 0.000000 	 0.000000 	 0.000000 
( 4,  9) 	 0.000000 	 0.000000 	 0.000000 	 0.000000 
( 5,  0) 	 0.000000 	 0.000000 	 0.000000 	 0.000000 
( 5,  1) 	 0.000000 	 0.000000 	 0.000000 	 0.000000 
( 5,  2) 	 0.000000 	 3.701797 	 0.135067 	 0.000000 
( 5,  3) 	 0.000000 	 0.000000 	 -0.122339 	 0.000000 
( 5,  4) 	 0.000000 	 0.000000 	 2.897997 	 0.000000 
( 5,  5) 	 0.000000 	 8.039297 	 0.000000 	 0.000000 
( 5,  6) 	 7.795696 	 0.000000 	 0.000000 	 0.000000 
( 5,  7) 	 0.000000 	 0.000000 	 0.000000 	 0.000000 
( 5,  8) 	 0.000000 	 0.000000 	 0.000000 	 0.000000 
( 5,  9) 	 0.000000 	 0.000000 	 0.000000 	 0.000000 
( 6,  0) 	 0.000000 	 0.000000 	 0.000000 	 0.000000 
( 6,  1) 	 0.000000 	 0.000000 	 0.000000 	 0.000000 
( 6,  2) 	 0.000000 	 3.747948 	 0.000000 	 0.000000 
( 6,  3) 	 0.000000 	 0.000000 	 0.000000 	 0.000000 
( 6,  4) 	 0.000000 	 0.000000 	 0.000000 	 0.000000 
( 6,  5) 	 0.000000 	 0.000000 	 0.000000 	 0.000000 
( 6,  6) 	 0.000000 	 7.337219 	 0.000000 	 0.000000 
( 6,  7) 	 0.000000 	 0.000000 	 0.000000 	 0.000000 
( 6,  8) 	 0.000000 	 0.000000 	 0.000000 	 0.000000 
( 6,  9) 	 0.000000 	 0.000000 	 0.000000 	 0.000000 
( 7,  0) 	 0.000000 	 0.000000 	 0.000000 	 0.000000 
( 7,  1) 	 0.000000 	 -0.085876 	 2.874570 	 0.000000 
( 7,  2) 	 0.000000 	 3.298947 	 0.000000 	 0.000000 
( 7,  3) 	 0.000000 	 0.000000 	 0.000000 	 0.000000 
( 7,  4) 	 0.000000 	 0.000000 	 0.000000 	 0.000000 
( 7,  5) 	 0.000000 	 0.000000 	 5.937409 	 0.000000 
( 7,  6) 	 0.000000 	 6.740166 	 0.000000 	 0.000000 
( 7,  7) 	 0.000000 	 0.000000 	 0.000000 	 0.000000 
( 7,  8) 	 0.000000 	 0.000000 	 0.000000 	 0.000000 
( 7,  9) 	 0.000000 	 0.000000 	 0.000000 	 0.000000 
( 8,  0) 	 0.000000 	 0.000000 	 0.000000 	 0.000000 
( 8,  1) 	 0.000000 	 2.807515 	 0.000000 	 1.000000 
( 8,  2) 	 0.000000 	 0.000000 	 0.000000 	 0.000000 
( 8,  3) 	 0.000000 	 0.000000 	 0.000000 	 0.000000 
( 8,  4) 	 0.000000 	 0.000000 	 0.000000 	 0.000000 
( 8,  5) 	 0.000000 	 0.000000 	 0.000000 	 0.000000 
( 8,  6) 	 0.000000 	 0.000000 	 0.000000 	 0.000000 
( 8,  7) 	 0.000000 	 0.000000 	 0.000000 	 0.000000 
( 8,  8) 	 0.000000 	 0.000000 	 0.000000 	 0.000000 
( 8,  9) 	 0.000000 	 0.000000 	 0.000000 	 0.000000 
( 9,  0) 	 0.000000 	 0.000000 	 0.000000 	 0.000000 
( 9,  1) 	 0.000000 	 0.550000 	 0.000000 	 0.000000 
( 9,  2) 	 0.000000 	 0.000000 	 0.000000 	 0.000000 
( 9,  3) 	 0.000000 	 0.000000 	 0.000000 	 0.000000 
( 9,  4) 	 0.000000 	 0.000000 	 0.000000 	 0.000000 
( 9,  5) 	 0.000000 	 0.000000 	 0.000000 	 0.000000 
( 9,  6) 	 0.000000 	 0.000000 	 0.000000 	 0.000000 
( 9,  7) 	 0.000000 	 0.000000 	 0.000000 	 0.000000 
( 9,  8) 	 0.000000 	 0.000000 	 0.000000 	 0.000000 
( 9,  9) 	 0.000000 	 0.000000 	 0.000000 	 0.000000 
