State 	 Left 	 Up 	 Right 	 Down 
( 0,  0) 	 0.000000 	 -1.004811 	 0.000000 	 4.489377 
( 0,  1) 	 0.000000 	 0.000000 	 0.000000 	 0.000000 
( 0,  2) 	 0.000000 	 0.000000 	 0.000000 	 0.000000 
( 0,  3) 	 0.000000 	 0.000000 	 0.000000 	 0.000000 
( 0,  4) 	 0.000000 	 0.000000 	 7.799188 	 0.000000 
( 0,  5) 	 0.000000 	 0.000000 	 8.883276 	 0.000000 
( 0,  6) 	 0.000000 	 0.000000 	 9.796446 	 0.000000 
( 0,  7) 	 0.000000 	 0.000000 	 10.548928 	 0.000000 
( 0,  8) 	 0.000000 	 0.000000 	 0.013869 	 11.503028 
( 0,  9) 	 0.000000 	 -0.500000 	 -0.499966 	 0.203275 
( 1,  0) 	 0.000000 	 0.000000 	 5.335367 	 0.000000 
( 1,  1) 	 0.970399 	 0.000000 	 5.634293 	 0.000335 
( 1,  2) 	 0.000000 	 0.000000 	 6.139823 	 0.000000 
( 1,  3) 	 0.000000 	 0.000000 	 6.440758 	 0.000000 
( 1,  4) 	 0.000000 	 6.811474 	 0.000000 	 0.000000 
( 1,  5) 	 0.000000 	 0.000000 	 0.000000 	 0.000000 
( 1,  6) 	 0.000000 	 0.000000 	 0.000000 	 0.000000 
( 1,  7) 	 0.000000 	 0.000000 	 0.000000 	 0.000000 
( 1,  8) 	 0.000000 	 0.000000 	 0.000000 	 0.000000 
( 1,  9) 	 0.000000 	 -0.060901 	 0.000000 	 0.000335 
( 2,  0) 	 0.000000 	 0.000000 	 0.000000 	 0.000000 
( 2,  1) 	 0.000000 	 -0.687951 	 -0.363994 	 -0.000302 
( 2,  2) 	 0.000000 	 0.000000 	 0.000000 	 0.000000 
( 2,  3) 	 0.000000 	 0.000000 	 0.000000 	 0.000000 
( 2,  4) 	 0.000000 	 0.000000 	 0.000000 	 0.000000 
( 2,  5) 	 0.000000 	 0.000000 	 0.000000 	 0.000000 
( 2,  6) 	 0.000000 	 0.000000 	 0.000000 	 0.000000 
( 2,  7) 	 0.000000 	 0.000000 	 0.000000 	 0.000000 
( 2,  8) 	 0.000000 	 11.673814 	 0.000000 	 0.000000 
( 2,  9) 	 0.000000 	 0.000000 	 0.000000 	 0.000000 
( 3,  0) 	 0.000000 	 0.000000 	 0.000000 	 0.000000 
( 3,  1) 	 0.000000 	 -0.000000 	 0.000000 	 0.000000 
( 3,  2) 	 0.000000 	 0.000000 	 0.000000 	 0.000000 
( 3,  3) 	 0.000000 	 0.000000 	 0.000000 	 0.000000 
( 3,  4) 	 0.000000 	 0.000000 	 0.000000 	 0.000000 
( 3,  5) 	 0.000000 	 0.000000 	 0.000000 	 0.000000 
( 3,  6) 	 0.000000 	 0.000000 	 8.331735 	 0.000000 
( 3,  7) 	 0.000000 	 0.000000 	 9.271124 	 0.000000 
( 3,  8) 	 0.000000 	 10.299263 	 0.000000 	 0.000000 
( 3,  9) 	 0.000000 	 -0.000000 	 -0.500000 	 0.000000 
( 4,  0) 	 0.000000 	 0.000000 	 0.000000 	 0.000000 
( 4,  1) 	 0.000000 	 0.000000 	 0.000000 	 0.000000 
( 4,  2) 	 0.000000 	 0.000000 	 0.000000 	 0.000000 
( 4,  3) 	 0.000000 	 0.000000 	 0.000000 	 0.000000 
( 4,  4) 	 0.000000 	 0.000000 	 0.000000 	 0.000000 
( 4,  5) 	 0.000000 	 0.000000 	 0.000000 	 0.000000 
( 4,  6) 	 0.000000 	 7.516518 	 0.000000 	 0.000000 
( 4,  7) 	 0.000000 	 0.000000 	 0.000000 	 0.000000 
( 4,  8) 	 0.000000 	 0.000000 	 0.000000 	 0.000000 
( 4,  9) 	 0.000000 	 0.000000 	 -0.500000 	 -0.328050 
( 5,  0) 	 0.000000 	 0.000000 	 0.000000 	 0.000000 
( 5,  1) 	 0.000000 	 0.000000 	 0.000000 	 0.000000 
( 5,  2) 	 0.000000 	 0.000000 	 0.000000 	 0.000000 
( 5,  3) 	 0.000000 	 0.000000 	 0.000000 	 0.000000 
( 5,  4) 	 0.000000 	 0.000000 	 0.000000 	 0.000000 
( 5,  5) 	 0.000000 	 0.000000 	 0.000000 	 0.000000 
( 5,  6) 	 0.000000 	 7.052022 	 0.000000 	 0.000000 
( 5,  7) 	 0.000000 	 0.000000 	 0.000000 	 0.000000 
( 5,  8) 	 0.000000 	 -0.500000 	 -0.000845 	 0.000000 
( 5,  9) 	 -0.405000 	 -0.265721 	 -0.750000 	 -0.474964 
( 6,  0) 	 0.000000 	 0.000000 	 0.000000 	 0.000000 
( 6,  1) 	 0.000000 	 0.000000 	 0.000000 	 0.000000 
( 6,  2) 	 0.000000 	 0.000000 	 0.000000 	 0.000000 
( 6,  3) 	 0.000000 	 0.000000 	 0.000000 	 0.000000 
( 6,  4) 	 0.000000 	 0.000000 	 0.000000 	 0.000000 
( 6,  5) 	 0.000000 	 0.000000 	 0.000000 	 0.000000 
( 6,  6) 	 0.000000 	 6.408788 	 0.000000 	 0.000000 
( 6,  7) 	 0.000000 	 0.000000 	 0.000000 	 0.000000 
( 6,  8) 	 0.000000 	 -0.000000 	 0.000000 	 -0.000019 
( 6,  9) 	 -0.000000 	 -0.586376 	 -0.500000 	 -0.287582 
( 7,  0) 	 0.000000 	 0.000000 	 0.000000 	 0.000000 
( 7,  1) 	 0.000000 	 0.000000 	 0.000000 	 0.000000 
( 7,  2) 	 0.000000 	 0.000000 	 0.000000 	 0.000000 
( 7,  3) 	 0.000000 	 0.000000 	 0.000000 	 0.000000 
( 7,  4) 	 0.000000 	 0.000000 	 0.000000 	 0.000000 
( 7,  5) 	 0.000000 	 0.000000 	 4.159334 	 0.000000 
( 7,  6) 	 0.000000 	 5.580835 	 0.000000 	 -0.122104 
( 7,  7) 	 0.000000 	 0.000000 	 0.000000 	 0.000000 
( 7,  8) 	 0.000000 	 -0.000000 	 -0.301252 	 -0.000024 
( 7,  9) 	 -0.244014 	 -0.116471 	 -0.750000 	 1.108019 
( 8,  0) 	 0.000000 	 0.000000 	 0.000000 	 0.000000 
( 8,  1) 	 0.000000 	 0.000000 	 0.000000 	 0.000000 
( 8,  2) 	 0.000000 	 0.000000 	 0.000000 	 0.000000 
( 8,  3) 	 0.000000 	 0.000000 	 0.000000 	 0.000000 
( 8,  4) 	 0.000000 	 0.000000 	 0.000000 	 0.000000 
( 8,  5) 	 0.000000 	 0.000000 	 0.000000 	 0.000000 
( 8,  6) 	 -0.000000 	 1.877070 	 0.000000 	 0.000000 
( 8,  7) 	 -0.000000 	 0.000000 	 0.000000 	 0.000000 
( 8,  8) 	 0.000000 	 -0.000000 	 0.100572 	 -0.588779 
( 8,  9) 	 -0.000000 	 0.944071 	 -0.500000 	 -0.000000 
( 9,  0) 	 0.000000 	 0.000000 	 0.000000 	 0.000000 
( 9,  1) 	 0.000000 	 0.000000 	 0.000000 	 0.000000 
( 9,  2) 	 0.000000 	 0.000000 	 0.000000 	 0.000000 
( 9,  3) 	 0.000000 	 0.000000 	 0.000000 	 -0.500000 
( 9,  4) 	 -0.405000 	 -0.500000 	 0.000000 	 -0.500000 
( 9,  5) 	 -0.405000 	 0.000000 	 -0.405000 	 0.000000 
( 9,  6) 	 -0.328050 	 0.000000 	 -0.328050 	 -0.500000 
( 9,  7) 	 -0.265721 	 -0.000000 	 -0.405000 	 -0.500000 
( 9,  8) 	 -0.202500 	 -0.476887 	 -0.733050 	 -0.750000 
( 9,  9) 	 -0.593771 	 -0.000000 	 -0.905000 	 -0.500000 
