State 	 Left 	 Up 	 Right 	 Down 
( 0,  0) 	 0.000000 	 0.000000 	 1.135671 	 4.823592 
( 0,  1) 	 0.000000 	 0.000000 	 0.000000 	 2.566787 
( 0,  2) 	 0.000000 	 0.000000 	 0.000000 	 0.000000 
( 0,  3) 	 0.000000 	 0.000000 	 0.000000 	 0.000000 
( 0,  4) 	 0.000000 	 0.000000 	 0.000000 	 0.000000 
( 0,  5) 	 0.000000 	 0.000000 	 9.101662 	 0.000000 
( 0,  6) 	 0.000000 	 0.000000 	 10.379189 	 0.000000 
( 0,  7) 	 0.000000 	 2.376293 	 13.354169 	 0.000000 
( 0,  8) 	 0.000000 	 0.000000 	 1.270738 	 11.911893 
( 0,  9) 	 0.000000 	 0.000000 	 -1.485796 	 5.590195 
( 1,  0) 	 0.000000 	 0.000000 	 5.666816 	 0.000000 
( 1,  1) 	 0.000000 	 0.000000 	 8.789240 	 0.000000 
( 1,  2) 	 0.000000 	 0.000000 	 9.210635 	 0.000000 
( 1,  3) 	 0.000000 	 0.000000 	 9.305317 	 0.000000 
( 1,  4) 	 0.000000 	 0.000000 	 7.762658 	 1.000000 
( 1,  5) 	 -0.458177 	 8.058166 	 0.000000 	 0.000000 
( 1,  6) 	 0.000000 	 0.000000 	 0.000000 	 0.000000 
( 1,  7) 	 0.000000 	 5.011964 	 6.135067 	 0.000000 
( 1,  8) 	 0.000000 	 0.000000 	 0.000000 	 0.000000 
( 1,  9) 	 11.900360 	 0.000000 	 1.245189 	 5.137368 
( 2,  0) 	 0.000000 	 0.000000 	 0.000000 	 0.000000 
( 2,  1) 	 0.000000 	 0.000000 	 0.000000 	 0.000000 
( 2,  2) 	 0.000000 	 0.000000 	 0.000000 	 0.000000 
( 2,  3) 	 0.000000 	 0.000000 	 0.000000 	 0.000000 
( 2,  4) 	 0.000000 	 0.000000 	 0.000000 	 1.134731 
( 2,  5) 	 0.000000 	 0.000000 	 0.000000 	 0.000000 
( 2,  6) 	 0.000000 	 0.000000 	 0.000000 	 0.000000 
( 2,  7) 	 0.000000 	 8.576157 	 0.000000 	 0.000000 
( 2,  8) 	 0.000000 	 6.162537 	 -0.511052 	 0.000000 
( 2,  9) 	 1.094315 	 11.166016 	 0.000000 	 0.000000 
( 3,  0) 	 0.000000 	 0.000000 	 0.000000 	 0.000000 
( 3,  1) 	 0.000000 	 0.000000 	 0.000000 	 0.000000 
( 3,  2) 	 0.000000 	 0.000000 	 0.000000 	 0.000000 
( 3,  3) 	 0.000000 	 0.000000 	 0.000000 	 0.000000 
( 3,  4) 	 0.000000 	 0.000000 	 0.757067 	 0.000000 
( 3,  5) 	 0.000000 	 0.000000 	 0.000000 	 0.878232 
( 3,  6) 	 0.000000 	 0.000000 	 0.999396 	 0.000000 
( 3,  7) 	 0.000000 	 8.074239 	 0.000000 	 0.000000 
( 3,  8) 	 6.292822 	 0.000000 	 0.000000 	 0.000000 
( 3,  9) 	 0.999732 	 10.526764 	 0.000000 	 0.000000 
( 4,  0) 	 0.000000 	 0.000000 	 0.000000 	 0.000000 
( 4,  1) 	 0.000000 	 0.000000 	 0.000000 	 0.000000 
( 4,  2) 	 0.000000 	 0.000000 	 0.000000 	 0.000000 
( 4,  3) 	 0.000000 	 0.000000 	 0.000000 	 0.000000 
( 4,  4) 	 0.000000 	 0.000000 	 0.000000 	 0.000000 
( 4,  5) 	 0.000000 	 0.000000 	 0.000000 	 1.135335 
( 4,  6) 	 0.000000 	 1.135671 	 0.000000 	 0.000000 
( 4,  7) 	 0.000000 	 0.000000 	 0.000000 	 0.000000 
( 4,  8) 	 0.000000 	 0.000000 	 0.000000 	 0.000000 
( 4,  9) 	 0.000000 	 11.541142 	 -1.021413 	 0.000000 
( 5,  0) 	 0.000000 	 0.000000 	 0.000000 	 0.000000 
( 5,  1) 	 0.000000 	 0.000000 	 0.000000 	 0.000000 
( 5,  2) 	 0.000000 	 0.000000 	 0.000000 	 0.000000 
( 5,  3) 	 0.000000 	 0.000000 	 0.000000 	 0.000000 
( 5,  4) 	 0.000000 	 0.000000 	 0.000000 	 1.000034 
( 5,  5) 	 1.809725 	 0.000000 	 0.000000 	 0.000000 
( 5,  6) 	 0.000000 	 1.013903 	 1.136006 	 0.000000 
( 5,  7) 	 0.000000 	 0.000000 	 1.271341 	 0.000000 
( 5,  8) 	 0.000000 	 0.000000 	 4.156948 	 0.000000 
( 5,  9) 	 0.000000 	 11.335713 	 0.000000 	 0.000000 
( 6,  0) 	 0.000000 	 0.000000 	 0.000000 	 0.000000 
( 6,  1) 	 0.000000 	 0.000000 	 0.000000 	 0.000000 
( 6,  2) 	 0.000000 	 0.000000 	 0.000000 	 0.000000 
( 6,  3) 	 0.000000 	 0.000000 	 0.000000 	 0.000000 
( 6,  4) 	 0.000000 	 0.000000 	 0.000000 	 2.432384 
( 6,  5) 	 0.000000 	 0.000000 	 0.000000 	 0.000000 
( 6,  6) 	 0.000000 	 2.366957 	 6.422483 	 0.000000 
( 6,  7) 	 0.000000 	 0.000000 	 7.183634 	 0.000000 
( 6,  8) 	 1.927576 	 0.000000 	 7.447365 	 0.000000 
( 6,  9) 	 1.659535 	 8.009940 	 0.000000 	 0.000000 
( 7,  0) 	 0.000000 	 0.000000 	 0.000000 	 0.000000 
( 7,  1) 	 0.000000 	 0.000000 	 0.000000 	 0.000000 
( 7,  2) 	 0.000000 	 0.000000 	 4.471697 	 0.000000 
( 7,  3) 	 0.000000 	 0.000000 	 5.059686 	 0.000000 
( 7,  4) 	 0.000000 	 0.000000 	 8.800016 	 0.000000 
( 7,  5) 	 0.000000 	 0.000000 	 10.278585 	 0.000000 
( 7,  6) 	 0.000000 	 9.877716 	 0.000000 	 0.000000 
( 7,  7) 	 0.000000 	 0.000000 	 0.000000 	 0.000000 
( 7,  8) 	 0.000000 	 0.000000 	 0.000000 	 0.000000 
( 7,  9) 	 0.000000 	 0.000000 	 0.000000 	 0.000000 
( 8,  0) 	 0.000000 	 0.000000 	 0.000000 	 0.000000 
( 8,  1) 	 0.000000 	 0.000000 	 3.667738 	 0.000000 
( 8,  2) 	 0.000000 	 3.920845 	 0.000000 	 0.000000 
( 8,  3) 	 0.000000 	 0.000000 	 0.000000 	 0.000000 
( 8,  4) 	 0.000000 	 0.000000 	 0.000000 	 0.000000 
( 8,  5) 	 0.000000 	 0.000000 	 0.000000 	 0.000000 
( 8,  6) 	 0.000000 	 0.000000 	 0.000000 	 0.000000 
( 8,  7) 	 0.000000 	 0.000000 	 0.000000 	 0.000000 
( 8,  8) 	 0.000000 	 0.000000 	 0.000000 	 0.000000 
( 8,  9) 	 0.000000 	 0.000000 	 0.000000 	 0.000000 
( 9,  0) 	 0.000000 	 0.000000 	 0.000000 	 0.000000 
( 9,  1) 	 0.000000 	 0.000000 	 0.000000 	 0.000000 
( 9,  2) 	 0.000000 	 0.000000 	 0.000000 	 0.000000 
( 9,  3) 	 0.000000 	 0.000000 	 0.000000 	 0.000000 
( 9,  4) 	 0.000000 	 0.000000 	 0.000000 	 0.000000 
( 9,  5) 	 0.000000 	 0.000000 	 0.000000 	 0.000000 
( 9,  6) 	 0.000000 	 0.000000 	 0.000000 	 0.000000 
( 9,  7) 	 0.000000 	 0.000000 	 0.000000 	 0.000000 
( 9,  8) 	 0.000000 	 0.000000 	 0.000000 	 0.000000 
( 9,  9) 	 0.000000 	 0.000000 	 0.000000 	 0.000000 
