State 	 Left 	 Up 	 Right 	 Down 
( 0,  0) 	 -0.420475 	 0.000000 	 1.271342 	 8.800219 
( 0,  1) 	 0.000000 	 0.000000 	 0.000000 	 3.447106 
( 0,  2) 	 0.000000 	 0.000000 	 0.000000 	 0.000000 
( 0,  3) 	 0.000000 	 0.000000 	 0.000000 	 0.000000 
( 0,  4) 	 0.000000 	 0.000000 	 9.082978 	 0.000000 
( 0,  5) 	 0.000000 	 0.000000 	 11.761773 	 2.841948 
( 0,  6) 	 0.000000 	 0.000000 	 12.527108 	 0.000000 
( 0,  7) 	 0.000000 	 0.000000 	 11.593036 	 1.135033 
( 0,  8) 	 0.000000 	 0.000000 	 0.000000 	 11.789137 
( 0,  9) 	 0.000000 	 0.000000 	 0.000000 	 0.000000 
( 1,  0) 	 0.000000 	 0.000000 	 10.183767 	 0.000000 
( 1,  1) 	 0.000000 	 0.000000 	 13.320876 	 0.000000 
( 1,  2) 	 0.000000 	 0.000000 	 12.113463 	 1.819942 
( 1,  3) 	 0.000000 	 0.000000 	 10.129952 	 1.012930 
( 1,  4) 	 0.000000 	 8.207898 	 0.000000 	 0.999094 
( 1,  5) 	 0.000000 	 8.926349 	 0.000000 	 0.000000 
( 1,  6) 	 0.000000 	 0.000000 	 0.000000 	 0.000000 
( 1,  7) 	 0.000000 	 0.000000 	 10.109040 	 0.000000 
( 1,  8) 	 0.000000 	 0.000000 	 0.000000 	 0.000000 
( 1,  9) 	 5.878232 	 0.000000 	 0.000000 	 0.000000 
( 2,  0) 	 0.000000 	 0.000000 	 0.000000 	 0.000000 
( 2,  1) 	 0.000000 	 0.000000 	 0.000000 	 0.000000 
( 2,  2) 	 0.000000 	 0.000000 	 0.000000 	 0.000000 
( 2,  3) 	 0.000000 	 -0.511018 	 0.000000 	 1.013903 
( 2,  4) 	 0.000000 	 0.000000 	 3.483433 	 0.000000 
( 2,  5) 	 0.000000 	 8.271429 	 0.000000 	 3.180960 
( 2,  6) 	 0.000000 	 0.000000 	 0.000000 	 0.000000 
( 2,  7) 	 0.000000 	 6.971291 	 13.472138 	 0.000000 
( 2,  8) 	 0.000000 	 14.082725 	 6.149238 	 0.000000 
( 2,  9) 	 0.000000 	 1.406710 	 0.000000 	 0.000000 
( 3,  0) 	 0.000000 	 0.000000 	 0.000000 	 0.000000 
( 3,  1) 	 0.000000 	 0.000000 	 0.000000 	 0.000000 
( 3,  2) 	 0.000000 	 0.000000 	 0.000000 	 0.000000 
( 3,  3) 	 0.000000 	 0.000000 	 0.000000 	 1.135671 
( 3,  4) 	 0.000000 	 0.000000 	 0.000000 	 0.000000 
( 3,  5) 	 0.000000 	 7.683851 	 3.952099 	 0.000000 
( 3,  6) 	 0.000000 	 0.000000 	 14.870592 	 0.000000 
( 3,  7) 	 0.000000 	 14.207188 	 7.551560 	 0.000000 
( 3,  8) 	 9.639667 	 0.000000 	 0.000000 	 0.000000 
( 3,  9) 	 9.054316 	 1.150278 	 0.000000 	 0.000000 
( 4,  0) 	 0.000000 	 0.000000 	 0.000000 	 0.000000 
( 4,  1) 	 0.000000 	 0.000000 	 0.000000 	 0.000000 
( 4,  2) 	 0.000000 	 0.000000 	 0.000000 	 0.000000 
( 4,  3) 	 0.000000 	 0.000000 	 0.000000 	 1.013567 
( 4,  4) 	 0.000000 	 0.000000 	 0.000000 	 0.000000 
( 4,  5) 	 0.000000 	 7.404345 	 4.446011 	 1.579183 
( 4,  6) 	 0.000000 	 12.629842 	 0.000000 	 0.000000 
( 4,  7) 	 0.000000 	 0.000000 	 0.000000 	 0.000000 
( 4,  8) 	 0.000000 	 0.000000 	 0.000000 	 0.000000 
( 4,  9) 	 0.000000 	 8.857714 	 0.000000 	 0.000000 
( 5,  0) 	 0.000000 	 0.000000 	 0.000000 	 0.000000 
( 5,  1) 	 0.000000 	 0.000000 	 0.000000 	 0.000000 
( 5,  2) 	 0.000000 	 0.000000 	 0.000000 	 0.000000 
( 5,  3) 	 0.000000 	 0.000000 	 2.728582 	 0.000000 
( 5,  4) 	 0.000000 	 0.000000 	 10.531574 	 0.000000 
( 5,  5) 	 0.000000 	 11.184396 	 0.000000 	 0.000000 
( 5,  6) 	 0.000000 	 9.423563 	 -0.120762 	 1.469936 
( 5,  7) 	 0.000000 	 0.000000 	 0.564069 	 -0.000302 
( 5,  8) 	 0.000000 	 0.000000 	 7.602654 	 0.000000 
( 5,  9) 	 0.000000 	 8.130934 	 0.000000 	 0.000000 
( 6,  0) 	 0.000000 	 0.000000 	 0.000000 	 0.000000 
( 6,  1) 	 0.000000 	 0.000000 	 0.000000 	 0.000000 
( 6,  2) 	 0.000000 	 0.000000 	 0.000000 	 0.000000 
( 6,  3) 	 0.000000 	 0.000000 	 0.000000 	 0.000000 
( 6,  4) 	 0.000000 	 5.699879 	 0.000000 	 0.000000 
( 6,  5) 	 0.000000 	 0.000000 	 0.000000 	 0.000000 
( 6,  6) 	 0.000000 	 8.984792 	 2.081499 	 0.000000 
( 6,  7) 	 2.401095 	 1.272013 	 0.000000 	 0.000000 
( 6,  8) 	 0.000000 	 3.688157 	 0.000000 	 0.000000 
( 6,  9) 	 0.000000 	 0.000000 	 0.000000 	 0.000000 
( 7,  0) 	 0.000000 	 0.000000 	 0.000000 	 0.000000 
( 7,  1) 	 0.000000 	 0.000000 	 0.000000 	 0.000000 
( 7,  2) 	 0.000000 	 0.000000 	 0.000000 	 0.000000 
( 7,  3) 	 0.000000 	 0.000000 	 2.385714 	 0.000000 
( 7,  4) 	 0.000000 	 5.349886 	 2.514846 	 0.000000 
( 7,  5) 	 4.762597 	 0.000000 	 5.544838 	 1.268218 
( 7,  6) 	 0.000000 	 9.873815 	 0.000000 	 2.585476 
( 7,  7) 	 0.000000 	 0.000000 	 0.000000 	 0.000000 
( 7,  8) 	 0.000000 	 3.273146 	 0.000000 	 0.000000 
( 7,  9) 	 0.000000 	 0.000000 	 0.000000 	 0.000000 
( 8,  0) 	 0.000000 	 0.000000 	 0.000000 	 0.000000 
( 8,  1) 	 0.000000 	 0.000000 	 1.135671 	 4.380870 
( 8,  2) 	 0.000000 	 0.000000 	 0.000000 	 1.873230 
( 8,  3) 	 0.000000 	 0.891463 	 0.000000 	 0.000000 
( 8,  4) 	 0.000000 	 0.000000 	 0.000000 	 0.000000 
( 8,  5) 	 0.000000 	 0.000000 	 7.021368 	 0.000000 
( 8,  6) 	 0.000000 	 7.261420 	 1.328310 	 0.000000 
( 8,  7) 	 0.000000 	 0.000000 	 2.533287 	 0.000000 
( 8,  8) 	 0.000000 	 2.733921 	 0.000000 	 0.000000 
( 8,  9) 	 0.000000 	 0.000000 	 0.000000 	 0.000000 
( 9,  0) 	 0.000000 	 0.000000 	 0.110283 	 0.000000 
( 9,  1) 	 -0.000302 	 0.627361 	 5.126161 	 -0.390052 
( 9,  2) 	 0.000000 	 0.000000 	 7.171429 	 0.210074 
( 9,  3) 	 0.000000 	 0.877024 	 5.780655 	 0.000000 
( 9,  4) 	 0.000000 	 0.000000 	 5.619240 	 0.000000 
( 9,  5) 	 0.000000 	 5.759150 	 0.000000 	 0.000000 
( 9,  6) 	 0.000000 	 0.000000 	 0.000000 	 0.000000 
( 9,  7) 	 0.000000 	 -0.512095 	 0.000000 	 -0.500906 
( 9,  8) 	 -0.527837 	 0.000000 	 0.000000 	 0.000000 
( 9,  9) 	 0.000000 	 0.000000 	 0.000000 	 0.000000 
