State 	 Left 	 Up 	 Right 	 Down 
( 0,  0) 	 0.000000 	 0.000000 	 0.135671 	 7.755153 
( 0,  1) 	 0.813739 	 0.000000 	 0.000000 	 0.000000 
( 0,  2) 	 0.000000 	 0.000000 	 0.000000 	 0.000000 
( 0,  3) 	 0.000000 	 0.000000 	 0.000000 	 0.000000 
( 0,  4) 	 0.000000 	 0.000000 	 0.000000 	 0.000000 
( 0,  5) 	 0.000000 	 0.000000 	 9.353909 	 0.000000 
( 0,  6) 	 0.000000 	 0.000000 	 10.423043 	 0.000000 
( 0,  7) 	 0.000000 	 0.000000 	 12.924904 	 0.000000 
( 0,  8) 	 0.000000 	 0.000000 	 0.000000 	 12.510115 
( 0,  9) 	 0.000000 	 0.000000 	 0.000000 	 0.000000 
( 1,  0) 	 1.109593 	 0.000000 	 8.229864 	 0.000000 
( 1,  1) 	 0.000000 	 0.000000 	 9.180424 	 0.000000 
( 1,  2) 	 0.000000 	 0.000000 	 9.382886 	 0.000000 
( 1,  3) 	 0.000000 	 0.000000 	 7.924755 	 0.877292 
( 1,  4) 	 0.000000 	 0.000000 	 7.983644 	 0.000000 
( 1,  5) 	 -0.458177 	 8.361082 	 0.000000 	 0.000000 
( 1,  6) 	 0.000000 	 0.000000 	 0.000000 	 0.000000 
( 1,  7) 	 0.000000 	 5.215392 	 6.013869 	 0.000000 
( 1,  8) 	 0.000000 	 0.000000 	 0.000000 	 0.000000 
( 1,  9) 	 8.817801 	 0.000000 	 0.000000 	 0.000000 
( 2,  0) 	 0.000000 	 0.000000 	 0.000000 	 0.000000 
( 2,  1) 	 0.000000 	 0.000000 	 0.000000 	 0.000000 
( 2,  2) 	 0.000000 	 0.000000 	 0.000000 	 0.000000 
( 2,  3) 	 0.000000 	 0.000000 	 0.000000 	 1.013232 
( 2,  4) 	 0.000000 	 0.000000 	 0.000000 	 0.000000 
( 2,  5) 	 0.000000 	 0.000000 	 0.000000 	 0.000000 
( 2,  6) 	 0.000000 	 0.000000 	 0.000000 	 0.000000 
( 2,  7) 	 0.000000 	 9.025269 	 0.000000 	 0.000000 
( 2,  8) 	 0.000000 	 14.823370 	 0.000000 	 0.000000 
( 2,  9) 	 0.000000 	 6.169551 	 0.000000 	 0.000000 
( 3,  0) 	 0.000000 	 0.000000 	 0.000000 	 0.000000 
( 3,  1) 	 0.000000 	 0.000000 	 0.000000 	 0.000000 
( 3,  2) 	 0.000000 	 0.000000 	 0.000000 	 0.000000 
( 3,  3) 	 0.000000 	 0.000000 	 5.490860 	 0.000000 
( 3,  4) 	 0.000000 	 0.000000 	 5.592166 	 0.000000 
( 3,  5) 	 0.000000 	 0.000000 	 5.449719 	 0.000000 
( 3,  6) 	 0.000000 	 0.000000 	 8.292462 	 0.000000 
( 3,  7) 	 0.000000 	 2.104395 	 5.103073 	 0.000000 
( 3,  8) 	 0.000000 	 13.856758 	 0.000000 	 0.000000 
( 3,  9) 	 9.769572 	 1.687097 	 0.000000 	 0.000000 
( 4,  0) 	 0.000000 	 0.000000 	 0.878198 	 0.000000 
( 4,  1) 	 0.000000 	 0.000000 	 1.012930 	 0.000000 
( 4,  2) 	 0.000000 	 0.000000 	 1.136006 	 0.000000 
( 4,  3) 	 0.000000 	 0.427308 	 0.000000 	 0.000000 
( 4,  4) 	 0.000000 	 0.000000 	 0.000000 	 0.000000 
( 4,  5) 	 0.000000 	 0.000000 	 0.000000 	 0.000000 
( 4,  6) 	 0.000000 	 0.570008 	 0.000000 	 0.000000 
( 4,  7) 	 0.000000 	 0.000000 	 0.000000 	 0.000000 
( 4,  8) 	 0.000000 	 0.000000 	 0.000000 	 0.000000 
( 4,  9) 	 0.000000 	 11.926573 	 0.000000 	 2.097832 
( 5,  0) 	 0.000000 	 1.135671 	 0.000000 	 0.000000 
( 5,  1) 	 0.000000 	 0.000000 	 0.000000 	 0.000000 
( 5,  2) 	 0.000000 	 0.000000 	 0.000000 	 0.000000 
( 5,  3) 	 0.000000 	 0.000000 	 0.000000 	 0.000000 
( 5,  4) 	 0.000000 	 0.000000 	 0.000000 	 0.000000 
( 5,  5) 	 0.000000 	 0.000000 	 0.000000 	 0.000000 
( 5,  6) 	 0.000000 	 1.136006 	 0.000000 	 0.000000 
( 5,  7) 	 0.000000 	 0.000000 	 0.000000 	 0.000000 
( 5,  8) 	 0.000000 	 0.000000 	 0.000000 	 0.000000 
( 5,  9) 	 0.000000 	 11.488648 	 2.379154 	 0.000000 
( 6,  0) 	 0.000000 	 1.135671 	 0.000000 	 0.000000 
( 6,  1) 	 0.000000 	 0.000000 	 0.000000 	 0.000000 
( 6,  2) 	 0.000000 	 0.000000 	 0.000000 	 0.000000 
( 6,  3) 	 0.000000 	 0.000000 	 0.000000 	 0.000000 
( 6,  4) 	 0.000000 	 0.000000 	 0.000000 	 0.000000 
( 6,  5) 	 0.000000 	 0.000000 	 0.000000 	 0.000000 
( 6,  6) 	 0.000000 	 1.148265 	 7.632610 	 0.000000 
( 6,  7) 	 0.000000 	 0.000000 	 7.149461 	 1.557214 
( 6,  8) 	 0.000000 	 0.000000 	 7.410905 	 0.000000 
( 6,  9) 	 0.000000 	 10.595857 	 0.000000 	 0.000000 
( 7,  0) 	 0.000000 	 1.135335 	 0.000000 	 0.000000 
( 7,  1) 	 0.000000 	 0.000000 	 0.000000 	 0.000000 
( 7,  2) 	 0.000000 	 0.000000 	 0.000000 	 0.000000 
( 7,  3) 	 0.000000 	 0.000000 	 0.000000 	 0.000000 
( 7,  4) 	 0.000000 	 0.000000 	 0.000000 	 0.000000 
( 7,  5) 	 0.000000 	 0.000000 	 8.122942 	 0.000000 
( 7,  6) 	 0.000000 	 8.946229 	 0.000000 	 0.000000 
( 7,  7) 	 0.000000 	 0.000000 	 0.000000 	 0.000000 
( 7,  8) 	 0.000000 	 0.000000 	 0.000000 	 0.000000 
( 7,  9) 	 0.000000 	 8.203310 	 0.000000 	 0.000000 
( 8,  0) 	 0.000000 	 0.878198 	 0.000000 	 0.000000 
( 8,  1) 	 0.999698 	 0.000000 	 3.051226 	 0.000000 
( 8,  2) 	 0.000000 	 0.000000 	 0.000000 	 3.253809 
( 8,  3) 	 0.000000 	 0.000000 	 0.000000 	 0.000000 
( 8,  4) 	 0.000000 	 0.000000 	 0.000000 	 0.000000 
( 8,  5) 	 0.000000 	 0.000000 	 0.000000 	 0.000000 
( 8,  6) 	 0.000000 	 0.000000 	 1.337962 	 0.000000 
( 8,  7) 	 0.911440 	 -0.498994 	 0.000000 	 1.550128 
( 8,  8) 	 0.000000 	 0.000000 	 2.688583 	 0.000000 
( 8,  9) 	 0.000000 	 7.409802 	 0.000000 	 0.000000 
( 9,  0) 	 0.000000 	 0.000000 	 0.000000 	 0.000000 
( 9,  1) 	 0.000000 	 0.000000 	 0.000000 	 0.000000 
( 9,  2) 	 0.000000 	 0.000000 	 3.761671 	 0.000000 
( 9,  3) 	 0.000000 	 0.000000 	 4.307652 	 0.000000 
( 9,  4) 	 0.000000 	 -0.231763 	 4.896987 	 0.000000 
( 9,  5) 	 0.000000 	 0.000000 	 5.313147 	 -0.572636 
( 9,  6) 	 0.000000 	 0.000000 	 5.679801 	 0.000000 
( 9,  7) 	 0.000000 	 0.000000 	 6.147198 	 0.000000 
( 9,  8) 	 0.000000 	 0.000000 	 6.290040 	 0.000000 
( 9,  9) 	 0.000000 	 6.748198 	 -0.936433 	 0.000000 
