State 	 Left 	 Up 	 Right 	 Down 
( 0,  0) 	 0.000000 	 -0.950000 	 1.135671 	 5.309235 
( 0,  1) 	 0.000000 	 0.000000 	 0.000000 	 2.647320 
( 0,  2) 	 0.000000 	 0.000000 	 0.000000 	 0.000000 
( 0,  3) 	 0.000000 	 0.000000 	 0.000000 	 0.000000 
( 0,  4) 	 0.000000 	 0.000000 	 0.000000 	 0.000000 
( 0,  5) 	 0.000000 	 0.000000 	 13.740411 	 0.000000 
( 0,  6) 	 0.000000 	 0.000000 	 14.781304 	 0.000000 
( 0,  7) 	 0.000000 	 0.000000 	 15.349218 	 0.000000 
( 0,  8) 	 0.000000 	 0.000000 	 6.149540 	 11.781922 
( 0,  9) 	 0.000000 	 0.000000 	 0.000000 	 0.000000 
( 1,  0) 	 0.000000 	 0.000000 	 6.232309 	 0.000000 
( 1,  1) 	 0.000000 	 0.000000 	 10.290053 	 0.000000 
( 1,  2) 	 0.000000 	 0.000000 	 10.904727 	 0.000000 
( 1,  3) 	 0.000000 	 0.000000 	 11.360054 	 0.000000 
( 1,  4) 	 0.000000 	 0.000000 	 11.592276 	 0.000000 
( 1,  5) 	 0.000000 	 8.489223 	 4.283224 	 0.000000 
( 1,  6) 	 0.000000 	 0.000000 	 0.000000 	 0.000000 
( 1,  7) 	 0.000000 	 0.000000 	 0.000000 	 0.000000 
( 1,  8) 	 0.000000 	 0.000000 	 0.000000 	 0.000000 
( 1,  9) 	 0.000000 	 0.000000 	 0.000000 	 0.000000 
( 2,  0) 	 0.000000 	 0.000000 	 0.000000 	 0.000000 
( 2,  1) 	 0.000000 	 0.000000 	 0.000000 	 0.000000 
( 2,  2) 	 0.000000 	 0.000000 	 0.000000 	 0.000000 
( 2,  3) 	 0.000000 	 0.000000 	 0.000000 	 0.000000 
( 2,  4) 	 0.000000 	 0.000000 	 0.000000 	 0.000000 
( 2,  5) 	 0.000000 	 0.000000 	 0.000000 	 0.000000 
( 2,  6) 	 0.000000 	 0.000000 	 0.000000 	 0.000000 
( 2,  7) 	 0.000000 	 0.000000 	 0.000000 	 0.000000 
( 2,  8) 	 0.000000 	 14.320271 	 0.000000 	 0.000000 
( 2,  9) 	 0.000000 	 0.000000 	 0.000000 	 0.000000 
( 3,  0) 	 0.000000 	 0.000000 	 0.000000 	 0.000000 
( 3,  1) 	 0.000000 	 0.000000 	 0.000000 	 0.000000 
( 3,  2) 	 0.000000 	 0.000000 	 0.000000 	 0.000000 
( 3,  3) 	 0.000000 	 0.000000 	 0.000000 	 0.000000 
( 3,  4) 	 0.000000 	 0.000000 	 0.000000 	 0.000000 
( 3,  5) 	 0.000000 	 0.000000 	 0.000000 	 0.000000 
( 3,  6) 	 0.000000 	 4.671147 	 9.373898 	 0.000000 
( 3,  7) 	 0.000000 	 5.004726 	 10.178758 	 0.000000 
( 3,  8) 	 0.000000 	 13.605873 	 0.000000 	 0.000000 
( 3,  9) 	 0.000000 	 0.000000 	 0.000000 	 0.000000 
( 4,  0) 	 0.000000 	 0.000000 	 0.000000 	 0.000000 
( 4,  1) 	 0.000000 	 0.000000 	 0.000000 	 0.000000 
( 4,  2) 	 0.000000 	 0.000000 	 0.000000 	 0.000000 
( 4,  3) 	 0.000000 	 0.000000 	 0.000000 	 0.000000 
( 4,  4) 	 0.000000 	 0.000000 	 0.000000 	 0.000000 
( 4,  5) 	 0.000000 	 0.000000 	 0.000000 	 0.000000 
( 4,  6) 	 0.000000 	 11.267289 	 0.000000 	 2.766536 
( 4,  7) 	 0.000000 	 0.000000 	 0.000000 	 0.000000 
( 4,  8) 	 0.000000 	 0.000000 	 0.000000 	 0.000000 
( 4,  9) 	 0.000000 	 0.000000 	 0.000000 	 0.000000 
( 5,  0) 	 0.000000 	 0.000000 	 0.000000 	 0.000000 
( 5,  1) 	 0.000000 	 0.000000 	 0.000000 	 0.000000 
( 5,  2) 	 0.000000 	 0.000000 	 0.000000 	 0.000000 
( 5,  3) 	 0.000000 	 0.000000 	 0.000000 	 0.000000 
( 5,  4) 	 0.000000 	 0.000000 	 7.464720 	 0.000000 
( 5,  5) 	 0.000000 	 0.000000 	 8.010417 	 0.000000 
( 5,  6) 	 0.000000 	 10.922179 	 0.000000 	 0.000000 
( 5,  7) 	 0.000000 	 0.000000 	 0.000000 	 0.000000 
( 5,  8) 	 0.000000 	 0.000000 	 0.000000 	 0.000000 
( 5,  9) 	 0.000000 	 0.000000 	 0.000000 	 0.000000 
( 6,  0) 	 0.000000 	 0.000000 	 0.000000 	 0.000000 
( 6,  1) 	 0.000000 	 0.000000 	 0.000000 	 0.000000 
( 6,  2) 	 0.000000 	 0.000000 	 0.000000 	 0.000000 
( 6,  3) 	 0.000000 	 0.000000 	 0.000000 	 0.000000 
( 6,  4) 	 0.000000 	 6.959781 	 0.000000 	 0.000000 
( 6,  5) 	 0.000000 	 0.000000 	 0.000000 	 0.000000 
( 6,  6) 	 0.000000 	 3.439598 	 0.000000 	 0.000000 
( 6,  7) 	 0.000000 	 0.000000 	 0.000000 	 0.000000 
( 6,  8) 	 0.000000 	 0.000000 	 0.000000 	 0.000000 
( 6,  9) 	 0.000000 	 0.000000 	 0.000000 	 0.000000 
( 7,  0) 	 0.000000 	 0.000000 	 0.000000 	 0.000000 
( 7,  1) 	 0.000000 	 0.000000 	 0.000000 	 0.000000 
( 7,  2) 	 0.000000 	 0.000000 	 0.000000 	 0.000000 
( 7,  3) 	 0.000000 	 0.000000 	 5.990838 	 0.000000 
( 7,  4) 	 0.000000 	 6.494965 	 2.270343 	 0.000000 
( 7,  5) 	 4.521494 	 0.000000 	 1.653851 	 0.000000 
( 7,  6) 	 1.421735 	 0.756464 	 -0.500000 	 0.000000 
( 7,  7) 	 0.000000 	 0.000000 	 0.000000 	 0.000000 
( 7,  8) 	 0.000000 	 0.000000 	 0.000000 	 0.000000 
( 7,  9) 	 0.000000 	 0.000000 	 0.000000 	 0.000000 
( 8,  0) 	 0.000000 	 0.000000 	 0.000000 	 0.000000 
( 8,  1) 	 0.000000 	 0.000000 	 4.786627 	 0.000000 
( 8,  2) 	 0.000000 	 0.000000 	 5.145173 	 0.000000 
( 8,  3) 	 0.000000 	 5.272941 	 0.000000 	 0.000000 
( 8,  4) 	 0.000000 	 0.000000 	 0.000000 	 0.000000 
( 8,  5) 	 0.000000 	 0.000000 	 0.000000 	 0.000000 
( 8,  6) 	 0.000000 	 0.000000 	 0.000000 	 0.000000 
( 8,  7) 	 0.000000 	 0.000000 	 0.000000 	 0.000000 
( 8,  8) 	 0.000000 	 0.000000 	 0.000000 	 0.000000 
( 8,  9) 	 0.000000 	 0.000000 	 0.000000 	 0.000000 
( 9,  0) 	 0.000000 	 0.000000 	 0.000000 	 0.000000 
( 9,  1) 	 0.000000 	 0.000000 	 0.000000 	 0.000000 
( 9,  2) 	 0.000000 	 0.000000 	 0.000000 	 0.000000 
( 9,  3) 	 0.000000 	 0.000000 	 0.000000 	 0.000000 
( 9,  4) 	 0.000000 	 0.000000 	 0.000000 	 0.000000 
( 9,  5) 	 0.000000 	 0.000000 	 0.000000 	 0.000000 
( 9,  6) 	 0.000000 	 0.000000 	 0.000000 	 0.000000 
( 9,  7) 	 0.000000 	 0.000000 	 0.000000 	 0.000000 
( 9,  8) 	 0.000000 	 0.000000 	 0.000000 	 0.000000 
( 9,  9) 	 0.000000 	 0.000000 	 0.000000 	 0.000000 
