State 	 Left 	 Up 	 Right 	 Down 
( 0,  0) 	 0.000000 	 -0.553743 	 0.000000 	 2.528795 
( 0,  1) 	 0.000000 	 0.000000 	 0.000000 	 0.000000 
( 0,  2) 	 0.000000 	 0.000000 	 0.000000 	 0.000000 
( 0,  3) 	 0.000000 	 0.000000 	 0.000000 	 0.000000 
( 0,  4) 	 0.000000 	 0.000000 	 7.700744 	 0.000000 
( 0,  5) 	 0.000000 	 0.000000 	 8.732131 	 0.000000 
( 0,  6) 	 0.000000 	 0.000000 	 9.692111 	 0.000000 
( 0,  7) 	 0.000000 	 0.000000 	 10.502719 	 0.000000 
( 0,  8) 	 0.000000 	 0.000000 	 0.000000 	 11.624830 
( 0,  9) 	 0.000000 	 0.000000 	 0.000000 	 0.000000 
( 1,  0) 	 0.000000 	 -0.595630 	 0.000000 	 2.946761 
( 1,  1) 	 0.000000 	 0.000000 	 0.000000 	 0.000000 
( 1,  2) 	 0.000000 	 0.000000 	 0.000000 	 0.000000 
( 1,  3) 	 0.000000 	 0.000000 	 0.000000 	 0.000000 
( 1,  4) 	 0.000000 	 7.023215 	 0.013265 	 0.000000 
( 1,  5) 	 0.000000 	 0.000000 	 0.000000 	 1.784449 
( 1,  6) 	 0.000000 	 0.000000 	 0.000000 	 0.000000 
( 1,  7) 	 0.000000 	 0.000000 	 0.000000 	 0.000000 
( 1,  8) 	 0.000000 	 0.000000 	 0.000000 	 0.000000 
( 1,  9) 	 0.000000 	 0.000000 	 0.000000 	 0.000000 
( 2,  0) 	 0.000000 	 0.000000 	 0.000000 	 3.098160 
( 2,  1) 	 0.000000 	 0.000000 	 0.000000 	 0.000000 
( 2,  2) 	 0.000000 	 0.000000 	 0.000000 	 0.000000 
( 2,  3) 	 0.000000 	 0.000000 	 0.000000 	 0.000000 
( 2,  4) 	 0.000000 	 6.686438 	 0.000000 	 0.000000 
( 2,  5) 	 3.181428 	 0.000000 	 0.000000 	 0.000000 
( 2,  6) 	 0.000000 	 0.000000 	 0.000000 	 0.000000 
( 2,  7) 	 0.000000 	 0.000000 	 0.000000 	 0.000000 
( 2,  8) 	 0.000000 	 0.000000 	 0.000000 	 0.000000 
( 2,  9) 	 0.000000 	 0.000000 	 0.000000 	 0.000000 
( 3,  0) 	 0.000000 	 0.000000 	 0.000000 	 3.018638 
( 3,  1) 	 0.000000 	 0.000000 	 0.000000 	 0.000000 
( 3,  2) 	 0.000000 	 0.000000 	 0.000000 	 0.000000 
( 3,  3) 	 0.000000 	 0.000000 	 4.090690 	 0.000000 
( 3,  4) 	 0.000000 	 4.584342 	 0.135033 	 0.000000 
( 3,  5) 	 0.000000 	 0.576658 	 0.000000 	 0.000000 
( 3,  6) 	 0.000000 	 0.000000 	 0.000000 	 0.000000 
( 3,  7) 	 0.000000 	 0.000000 	 0.000000 	 0.000000 
( 3,  8) 	 0.000000 	 0.000000 	 0.000000 	 0.000000 
( 3,  9) 	 0.000000 	 0.000000 	 0.000000 	 0.000000 
( 4,  0) 	 0.000000 	 0.000000 	 3.202707 	 0.000000 
( 4,  1) 	 0.000000 	 0.000000 	 3.735424 	 0.000335 
( 4,  2) 	 0.000000 	 0.000000 	 3.743270 	 0.000000 
( 4,  3) 	 0.000000 	 3.765819 	 0.000000 	 0.000000 
( 4,  4) 	 0.000000 	 0.000000 	 0.000000 	 0.000000 
( 4,  5) 	 0.000000 	 0.000000 	 0.000000 	 0.000000 
( 4,  6) 	 0.000000 	 0.000000 	 0.000000 	 0.000000 
( 4,  7) 	 0.000000 	 0.000000 	 0.000000 	 0.000000 
( 4,  8) 	 0.000000 	 0.000000 	 0.000000 	 0.000000 
( 4,  9) 	 0.000000 	 0.000000 	 0.000000 	 0.000000 
( 5,  0) 	 0.000000 	 0.000000 	 0.000000 	 0.000000 
( 5,  1) 	 0.000000 	 -0.687649 	 0.000000 	 -0.622406 
( 5,  2) 	 0.000000 	 0.000000 	 0.000000 	 0.000000 
( 5,  3) 	 0.000000 	 0.000000 	 0.000000 	 0.000000 
( 5,  4) 	 0.000000 	 0.000000 	 0.000000 	 0.000000 
( 5,  5) 	 0.000000 	 0.000000 	 0.000000 	 0.000000 
( 5,  6) 	 0.000000 	 0.000000 	 0.000000 	 0.000000 
( 5,  7) 	 0.000000 	 0.000000 	 0.000000 	 0.000000 
( 5,  8) 	 0.000000 	 0.000000 	 0.000000 	 0.000000 
( 5,  9) 	 0.000000 	 0.000000 	 0.000000 	 0.000000 
( 6,  0) 	 0.000000 	 0.000000 	 0.000000 	 0.000000 
( 6,  1) 	 0.000000 	 0.000000 	 0.000000 	 0.000000 
( 6,  2) 	 0.000000 	 0.000000 	 0.000000 	 0.000000 
( 6,  3) 	 0.000000 	 0.000000 	 0.000000 	 0.000000 
( 6,  4) 	 0.000000 	 0.000000 	 0.000000 	 0.000000 
( 6,  5) 	 0.000000 	 0.000000 	 0.000000 	 0.000000 
( 6,  6) 	 0.000000 	 0.000000 	 0.000000 	 0.000000 
( 6,  7) 	 0.000000 	 0.000000 	 0.000000 	 0.000000 
( 6,  8) 	 0.000000 	 0.000000 	 0.000000 	 0.000000 
( 6,  9) 	 0.000000 	 0.000000 	 0.000000 	 0.000000 
( 7,  0) 	 0.000000 	 0.000000 	 0.000000 	 0.000000 
( 7,  1) 	 0.000000 	 0.000000 	 0.000000 	 0.000000 
( 7,  2) 	 0.000000 	 0.000000 	 0.000000 	 0.000000 
( 7,  3) 	 0.000000 	 0.000000 	 0.000000 	 0.000000 
( 7,  4) 	 0.000000 	 0.000000 	 0.000000 	 0.000000 
( 7,  5) 	 0.000000 	 0.000000 	 0.000000 	 0.000000 
( 7,  6) 	 0.000000 	 0.000000 	 0.000000 	 0.000000 
( 7,  7) 	 0.000000 	 0.000000 	 0.000000 	 0.000000 
( 7,  8) 	 0.000000 	 0.000000 	 0.000000 	 0.000000 
( 7,  9) 	 0.000000 	 0.000000 	 0.000000 	 0.000000 
( 8,  0) 	 0.000000 	 0.000000 	 0.000000 	 0.000000 
( 8,  1) 	 0.000000 	 0.000000 	 0.000000 	 0.000000 
( 8,  2) 	 0.000000 	 0.000000 	 0.000000 	 0.000000 
( 8,  3) 	 0.000000 	 0.000000 	 0.000000 	 0.000000 
( 8,  4) 	 0.000000 	 0.000000 	 0.000000 	 0.000000 
( 8,  5) 	 0.000000 	 0.000000 	 0.000000 	 0.000000 
( 8,  6) 	 0.000000 	 0.000000 	 0.000000 	 0.000000 
( 8,  7) 	 0.000000 	 0.000000 	 0.000000 	 0.000000 
( 8,  8) 	 0.000000 	 0.000000 	 0.000000 	 0.000000 
( 8,  9) 	 0.000000 	 0.000000 	 0.000000 	 0.000000 
( 9,  0) 	 0.000000 	 0.000000 	 0.000000 	 0.000000 
( 9,  1) 	 0.000000 	 0.000000 	 0.000000 	 0.000000 
( 9,  2) 	 0.000000 	 0.000000 	 0.000000 	 0.000000 
( 9,  3) 	 0.000000 	 0.000000 	 0.000000 	 0.000000 
( 9,  4) 	 0.000000 	 0.000000 	 0.000000 	 0.000000 
( 9,  5) 	 0.000000 	 0.000000 	 0.000000 	 0.000000 
( 9,  6) 	 0.000000 	 0.000000 	 0.000000 	 0.000000 
( 9,  7) 	 0.000000 	 0.000000 	 0.000000 	 0.000000 
( 9,  8) 	 0.000000 	 0.000000 	 0.000000 	 0.000000 
( 9,  9) 	 0.000000 	 0.000000 	 0.000000 	 0.000000 
