State 	 Left 	 Up 	 Right 	 Down 
( 0,  0) 	 0.000000 	 -0.553743 	 1.000000 	 6.452586 
( 0,  1) 	 0.000000 	 0.000000 	 0.000000 	 1.135369 
( 0,  2) 	 0.000000 	 0.000000 	 0.000000 	 0.000000 
( 0,  3) 	 0.000000 	 0.000000 	 0.000000 	 0.000000 
( 0,  4) 	 0.000000 	 1.392848 	 13.073323 	 0.000000 
( 0,  5) 	 0.000000 	 0.000000 	 16.475725 	 0.000000 
( 0,  6) 	 0.000000 	 0.000000 	 16.502525 	 0.000000 
( 0,  7) 	 3.426571 	 0.000000 	 15.388663 	 0.000000 
( 0,  8) 	 0.000000 	 0.000000 	 5.128843 	 17.478004 
( 0,  9) 	 12.980214 	 5.517426 	 0.000000 	 4.642037 
( 1,  0) 	 0.000000 	 -0.595630 	 0.576950 	 4.966167 
( 1,  1) 	 0.000000 	 0.000000 	 7.162293 	 0.000000 
( 1,  2) 	 0.000000 	 0.000000 	 7.433647 	 0.000000 
( 1,  3) 	 0.000000 	 0.000000 	 8.528102 	 0.000000 
( 1,  4) 	 0.000000 	 11.837376 	 2.352318 	 0.000000 
( 1,  5) 	 0.000000 	 4.550287 	 0.000000 	 1.784449 
( 1,  6) 	 0.000000 	 0.000000 	 0.000000 	 0.000000 
( 1,  7) 	 0.000000 	 0.000000 	 0.000000 	 0.000000 
( 1,  8) 	 0.000000 	 0.000000 	 0.000000 	 0.000000 
( 1,  9) 	 9.603754 	 13.550441 	 0.000000 	 0.000000 
( 2,  0) 	 0.000000 	 0.000000 	 0.000000 	 4.958972 
( 2,  1) 	 0.000000 	 0.000000 	 0.000000 	 0.000000 
( 2,  2) 	 0.000000 	 0.000000 	 0.000000 	 0.000000 
( 2,  3) 	 0.000000 	 0.000000 	 0.000000 	 0.000000 
( 2,  4) 	 0.000000 	 9.008483 	 0.000000 	 0.000000 
( 2,  5) 	 3.181428 	 0.000000 	 0.000000 	 0.000000 
( 2,  6) 	 0.000000 	 0.000000 	 0.000000 	 0.000000 
( 2,  7) 	 0.000000 	 0.000000 	 0.000000 	 0.000000 
( 2,  8) 	 0.000000 	 16.548541 	 0.000000 	 0.000000 
( 2,  9) 	 0.000000 	 16.933446 	 0.000000 	 0.000000 
( 3,  0) 	 0.109302 	 0.000000 	 0.013903 	 4.955753 
( 3,  1) 	 1.077191 	 0.000000 	 0.000000 	 0.000000 
( 3,  2) 	 0.000000 	 0.000000 	 0.000000 	 0.000000 
( 3,  3) 	 0.000000 	 0.000000 	 6.837877 	 0.000000 
( 3,  4) 	 0.000000 	 7.743635 	 0.135033 	 0.000000 
( 3,  5) 	 0.000000 	 0.576658 	 0.000000 	 0.000000 
( 3,  6) 	 0.000000 	 5.845418 	 13.558521 	 0.000000 
( 3,  7) 	 0.000000 	 0.000000 	 14.286089 	 0.000000 
( 3,  8) 	 0.000000 	 15.637611 	 0.000000 	 0.000000 
( 3,  9) 	 0.000000 	 16.474356 	 0.000000 	 0.000000 
( 4,  0) 	 0.000000 	 0.796569 	 5.274769 	 0.135369 
( 4,  1) 	 1.616036 	 0.000000 	 5.909218 	 0.000335 
( 4,  2) 	 0.000000 	 0.000000 	 6.068859 	 0.000000 
( 4,  3) 	 0.000000 	 6.282918 	 0.000000 	 -0.121802 
( 4,  4) 	 0.000000 	 0.000000 	 0.000000 	 0.000000 
( 4,  5) 	 0.000000 	 0.000000 	 0.000000 	 -0.000906 
( 4,  6) 	 0.000000 	 13.730511 	 1.651325 	 2.613497 
( 4,  7) 	 0.000000 	 0.000000 	 0.000000 	 0.000000 
( 4,  8) 	 0.000000 	 0.000000 	 0.000000 	 0.000000 
( 4,  9) 	 0.000000 	 15.369017 	 1.274579 	 0.000000 
( 5,  0) 	 -0.390409 	 0.000000 	 0.977006 	 0.000000 
( 5,  1) 	 0.620430 	 -0.687649 	 1.106057 	 -0.622406 
( 5,  2) 	 0.000000 	 1.197593 	 0.000000 	 0.000000 
( 5,  3) 	 0.000000 	 0.000000 	 0.000000 	 -0.000000 
( 5,  4) 	 0.000000 	 0.000000 	 0.000000 	 0.000000 
( 5,  5) 	 0.000000 	 0.000000 	 2.749043 	 0.000000 
( 5,  6) 	 0.000000 	 13.268259 	 0.000000 	 0.000000 
( 5,  7) 	 0.000000 	 0.000000 	 0.000000 	 0.000000 
( 5,  8) 	 0.000000 	 0.000000 	 0.000000 	 0.000000 
( 5,  9) 	 0.000000 	 14.979539 	 0.000000 	 0.000000 
( 6,  0) 	 0.000000 	 0.000000 	 0.000000 	 0.000000 
( 6,  1) 	 0.000000 	 0.000000 	 0.000000 	 0.000000 
( 6,  2) 	 0.000000 	 0.000000 	 0.000000 	 0.000000 
( 6,  3) 	 0.000000 	 0.000000 	 -0.000302 	 0.000000 
( 6,  4) 	 0.000000 	 0.000000 	 0.000000 	 -0.122104 
( 6,  5) 	 0.000000 	 0.000000 	 0.000000 	 0.000000 
( 6,  6) 	 0.000000 	 13.117533 	 0.000000 	 2.472149 
( 6,  7) 	 0.000000 	 0.000000 	 0.000000 	 0.000000 
( 6,  8) 	 0.000000 	 0.000000 	 0.000000 	 0.000000 
( 6,  9) 	 0.000000 	 14.616804 	 1.203661 	 0.000000 
( 7,  0) 	 0.000000 	 0.000000 	 0.000000 	 0.000000 
( 7,  1) 	 0.000000 	 0.000000 	 0.000000 	 0.000000 
( 7,  2) 	 0.000000 	 0.000000 	 0.000000 	 0.000000 
( 7,  3) 	 0.000000 	 0.000000 	 0.000000 	 0.000000 
( 7,  4) 	 0.000000 	 0.000000 	 2.038349 	 0.000000 
( 7,  5) 	 0.000000 	 1.260798 	 12.611887 	 0.000000 
( 7,  6) 	 1.491497 	 13.096691 	 0.000000 	 0.000000 
( 7,  7) 	 0.000000 	 0.000000 	 0.000000 	 0.000000 
( 7,  8) 	 0.000000 	 0.000000 	 0.000000 	 0.000000 
( 7,  9) 	 0.000000 	 14.285613 	 0.000000 	 0.000000 
( 8,  0) 	 0.000000 	 0.000000 	 0.000000 	 0.000000 
( 8,  1) 	 0.000000 	 0.000000 	 1.271342 	 5.928615 
( 8,  2) 	 0.000000 	 0.000000 	 0.000000 	 2.136599 
( 8,  3) 	 0.000000 	 0.000000 	 0.000000 	 0.000000 
( 8,  4) 	 0.000000 	 0.000000 	 0.000000 	 0.000000 
( 8,  5) 	 0.000000 	 0.000000 	 0.000000 	 0.000000 
( 8,  6) 	 0.000000 	 0.000000 	 0.000000 	 0.000000 
( 8,  7) 	 0.000000 	 0.000000 	 0.000000 	 0.000000 
( 8,  8) 	 0.000000 	 0.000000 	 0.000000 	 0.000000 
( 8,  9) 	 0.000000 	 13.974594 	 0.988045 	 0.000000 
( 9,  0) 	 0.000000 	 0.000000 	 0.000000 	 0.000000 
( 9,  1) 	 0.000000 	 0.000000 	 6.319298 	 -0.062922 
( 9,  2) 	 0.000000 	 0.000000 	 12.049289 	 0.000000 
( 9,  3) 	 0.000000 	 0.000000 	 12.342959 	 0.000000 
( 9,  4) 	 0.000000 	 0.000000 	 12.517332 	 0.000000 
( 9,  5) 	 0.000000 	 0.000000 	 12.711089 	 0.000000 
( 9,  6) 	 0.000000 	 0.000000 	 12.920909 	 0.000000 
( 9,  7) 	 0.000000 	 0.000000 	 13.154612 	 0.000000 
( 9,  8) 	 0.000000 	 0.000000 	 13.945717 	 0.000000 
( 9,  9) 	 0.000000 	 13.014885 	 4.020482 	 0.000000 
