State 	 Left 	 Up 	 Right 	 Down 
( 0,  0) 	 0.000000 	 0.000000 	 6.839547 	 1.013232 
( 0,  1) 	 0.000000 	 -0.485202 	 0.000000 	 7.494508 
( 0,  2) 	 0.000000 	 0.000000 	 0.000000 	 0.000000 
( 0,  3) 	 0.000000 	 0.000000 	 -0.107866 	 0.000000 
( 0,  4) 	 0.000000 	 0.000000 	 1.184998 	 0.000000 
( 0,  5) 	 0.000000 	 0.000000 	 12.111611 	 0.000000 
( 0,  6) 	 0.000000 	 0.000000 	 13.132549 	 0.000000 
( 0,  7) 	 0.000000 	 0.000000 	 13.698808 	 0.000000 
( 0,  8) 	 0.000000 	 0.000000 	 6.149540 	 11.753511 
( 0,  9) 	 0.000000 	 0.000000 	 0.000000 	 0.000000 
( 1,  0) 	 0.000000 	 0.000000 	 2.562121 	 0.000000 
( 1,  1) 	 0.000000 	 0.000000 	 10.839493 	 0.000000 
( 1,  2) 	 0.000000 	 1.780874 	 9.993795 	 0.793844 
( 1,  3) 	 0.000000 	 0.000335 	 10.438862 	 0.000000 
( 1,  4) 	 0.000000 	 0.000000 	 10.729486 	 0.000000 
( 1,  5) 	 0.000000 	 8.506712 	 4.254834 	 0.000000 
( 1,  6) 	 0.000000 	 0.000000 	 0.000000 	 0.000000 
( 1,  7) 	 0.000000 	 0.000000 	 0.000000 	 0.000000 
( 1,  8) 	 0.000000 	 0.000000 	 0.000000 	 0.000000 
( 1,  9) 	 11.685460 	 0.000000 	 6.014204 	 0.000000 
( 2,  0) 	 0.000000 	 0.000000 	 0.000000 	 0.000000 
( 2,  1) 	 0.000000 	 0.000000 	 0.000000 	 0.000000 
( 2,  2) 	 0.000000 	 0.000000 	 0.000000 	 0.000000 
( 2,  3) 	 1.445001 	 2.401236 	 0.000000 	 0.749768 
( 2,  4) 	 0.000000 	 0.000000 	 0.000000 	 0.000000 
( 2,  5) 	 0.000000 	 0.000000 	 0.000000 	 0.000000 
( 2,  6) 	 0.000000 	 0.000000 	 0.000000 	 0.000000 
( 2,  7) 	 0.000000 	 0.000000 	 0.000000 	 0.000000 
( 2,  8) 	 0.000000 	 14.293278 	 0.000000 	 0.000000 
( 2,  9) 	 0.000000 	 11.479540 	 5.494128 	 0.000000 
( 3,  0) 	 0.000000 	 0.000000 	 0.000000 	 0.000000 
( 3,  1) 	 0.000000 	 0.000000 	 0.000000 	 0.000000 
( 3,  2) 	 0.000000 	 0.000000 	 0.000000 	 0.000000 
( 3,  3) 	 -0.008983 	 1.532952 	 0.000000 	 0.000000 
( 3,  4) 	 0.000000 	 0.000000 	 0.000000 	 0.000000 
( 3,  5) 	 0.000000 	 0.000000 	 0.000000 	 0.000000 
( 3,  6) 	 0.000000 	 -0.990606 	 11.581433 	 0.000000 
( 3,  7) 	 0.000000 	 0.000000 	 12.309763 	 0.000000 
( 3,  8) 	 0.000000 	 13.368429 	 0.000000 	 0.000000 
( 3,  9) 	 0.000000 	 10.850435 	 5.035824 	 0.000000 
( 4,  0) 	 0.000000 	 0.000000 	 0.000000 	 0.000000 
( 4,  1) 	 0.000000 	 0.000000 	 0.000000 	 0.000000 
( 4,  2) 	 0.000000 	 0.000000 	 0.000000 	 0.000000 
( 4,  3) 	 0.000000 	 0.000000 	 0.000000 	 0.000000 
( 4,  4) 	 0.000000 	 0.000000 	 0.000000 	 0.000000 
( 4,  5) 	 0.000000 	 0.000000 	 0.000000 	 0.000000 
( 4,  6) 	 0.000000 	 10.951368 	 0.000000 	 0.000000 
( 4,  7) 	 0.000000 	 0.000000 	 0.000000 	 0.000000 
( 4,  8) 	 0.000000 	 0.000000 	 0.000000 	 0.000000 
( 4,  9) 	 1.281435 	 9.530557 	 4.630254 	 0.000000 
( 5,  0) 	 0.000000 	 0.000000 	 0.000000 	 0.000000 
( 5,  1) 	 0.000000 	 0.000000 	 0.000000 	 0.000000 
( 5,  2) 	 0.000000 	 0.000000 	 5.593954 	 0.000000 
( 5,  3) 	 0.000000 	 0.000000 	 6.328669 	 0.000000 
( 5,  4) 	 0.000000 	 0.000000 	 6.848544 	 0.000000 
( 5,  5) 	 0.000000 	 0.000000 	 7.161026 	 0.000000 
( 5,  6) 	 0.000000 	 10.620163 	 0.000000 	 0.000000 
( 5,  7) 	 2.633230 	 -0.227987 	 0.000000 	 0.000000 
( 5,  8) 	 -0.429481 	 0.000000 	 0.000000 	 0.000000 
( 5,  9) 	 0.000000 	 8.805533 	 4.279945 	 0.000000 
( 6,  0) 	 0.000000 	 0.000000 	 0.000000 	 0.000000 
( 6,  1) 	 0.000000 	 0.000000 	 0.000000 	 0.000000 
( 6,  2) 	 0.000000 	 5.180474 	 0.000000 	 0.289286 
( 6,  3) 	 0.000000 	 0.000000 	 0.000000 	 0.000000 
( 6,  4) 	 0.000000 	 0.000000 	 0.000000 	 0.000000 
( 6,  5) 	 0.000000 	 0.000000 	 0.000000 	 0.000000 
( 6,  6) 	 0.000000 	 3.417905 	 11.170767 	 0.000000 
( 6,  7) 	 1.662115 	 0.000000 	 11.682870 	 0.000000 
( 6,  8) 	 0.000000 	 0.000000 	 11.762052 	 0.000000 
( 6,  9) 	 0.000000 	 7.887553 	 4.089926 	 -0.000302 
( 7,  0) 	 0.000000 	 0.000000 	 0.000000 	 0.000000 
( 7,  1) 	 0.000000 	 0.000000 	 0.000000 	 0.000000 
( 7,  2) 	 0.000000 	 5.302607 	 0.878299 	 0.000000 
( 7,  3) 	 0.000000 	 0.000000 	 1.135436 	 0.000000 
( 7,  4) 	 0.000000 	 0.000000 	 2.891750 	 0.000000 
( 7,  5) 	 0.000000 	 0.000000 	 11.369044 	 0.000000 
( 7,  6) 	 0.000000 	 8.194663 	 3.309984 	 0.000000 
( 7,  7) 	 0.000000 	 0.000000 	 0.000000 	 0.000000 
( 7,  8) 	 0.000000 	 0.000000 	 0.000000 	 0.000000 
( 7,  9) 	 0.000000 	 -0.436433 	 0.000000 	 0.000000 
( 8,  0) 	 0.000000 	 0.000000 	 0.000000 	 0.000000 
( 8,  1) 	 0.000000 	 0.000000 	 5.980669 	 0.000000 
( 8,  2) 	 0.000000 	 6.375167 	 0.000000 	 0.000000 
( 8,  3) 	 0.000000 	 0.000000 	 0.000000 	 0.000000 
( 8,  4) 	 0.000000 	 0.000000 	 0.000000 	 0.000000 
( 8,  5) 	 0.000000 	 0.000000 	 0.000000 	 0.000000 
( 8,  6) 	 0.000000 	 0.000000 	 0.000000 	 0.000000 
( 8,  7) 	 0.000000 	 0.000000 	 0.000000 	 0.000000 
( 8,  8) 	 0.000000 	 0.000000 	 0.000000 	 0.000000 
( 8,  9) 	 0.000000 	 0.000000 	 0.000000 	 0.000000 
( 9,  0) 	 0.000000 	 0.000000 	 0.000000 	 0.000000 
( 9,  1) 	 0.000000 	 0.000000 	 0.000000 	 0.000000 
( 9,  2) 	 0.000000 	 0.000000 	 0.000000 	 0.000000 
( 9,  3) 	 0.000000 	 0.000000 	 0.000000 	 0.000000 
( 9,  4) 	 0.000000 	 0.000000 	 0.000000 	 0.000000 
( 9,  5) 	 0.000000 	 0.000000 	 0.000000 	 0.000000 
( 9,  6) 	 0.000000 	 0.000000 	 0.000000 	 0.000000 
( 9,  7) 	 0.000000 	 0.000000 	 0.000000 	 0.000000 
( 9,  8) 	 0.000000 	 0.000000 	 0.000000 	 0.000000 
( 9,  9) 	 0.000000 	 0.000000 	 0.000000 	 0.000000 
