State 	 Left 	 Up 	 Right 	 Down 
( 0,  0) 	 0.000000 	 0.000000 	 0.000000 	 12.452526 
( 0,  1) 	 0.000000 	 0.000000 	 0.000000 	 0.000000 
( 0,  2) 	 0.000000 	 0.000000 	 0.000000 	 0.000000 
( 0,  3) 	 0.000000 	 0.000000 	 0.000000 	 0.000000 
( 0,  4) 	 0.000000 	 0.000000 	 0.000000 	 0.000000 
( 0,  5) 	 0.000000 	 0.000000 	 0.000000 	 0.000000 
( 0,  6) 	 0.000000 	 0.000000 	 -0.000604 	 -0.500000 
( 0,  7) 	 -0.405000 	 0.000000 	 -0.243536 	 -0.000151 
( 0,  8) 	 0.000000 	 0.000000 	 0.148936 	 0.000000 
( 0,  9) 	 0.000000 	 -0.621802 	 -0.486399 	 3.169988 
( 1,  0) 	 0.000000 	 0.000000 	 -0.122406 	 13.704505 
( 1,  1) 	 0.000000 	 0.000000 	 0.000000 	 0.136006 
( 1,  2) 	 0.000000 	 0.000000 	 0.000000 	 0.000000 
( 1,  3) 	 0.000000 	 0.000000 	 0.000000 	 0.000000 
( 1,  4) 	 0.000000 	 0.000000 	 0.000000 	 0.000000 
( 1,  5) 	 0.000000 	 0.000000 	 0.000000 	 0.000000 
( 1,  6) 	 0.000000 	 0.000000 	 0.000000 	 0.000000 
( 1,  7) 	 0.000000 	 12.268435 	 10.630800 	 0.000000 
( 1,  8) 	 0.000000 	 0.000000 	 20.658566 	 0.000000 
( 1,  9) 	 23.922003 	 0.000000 	 20.260061 	 0.000000 
( 2,  0) 	 0.000000 	 0.000000 	 0.000000 	 13.180565 
( 2,  1) 	 0.045427 	 0.000000 	 -0.499966 	 0.000000 
( 2,  2) 	 0.000000 	 0.000000 	 0.000000 	 0.000000 
( 2,  3) 	 0.000000 	 0.000000 	 0.000000 	 0.000000 
( 2,  4) 	 0.000000 	 0.000000 	 0.000000 	 6.370375 
( 2,  5) 	 0.000000 	 0.000000 	 0.000000 	 0.000000 
( 2,  6) 	 0.000000 	 0.000000 	 0.000000 	 0.000000 
( 2,  7) 	 -0.390131 	 17.284488 	 0.000000 	 0.000000 
( 2,  8) 	 -0.366579 	 24.716858 	 14.806684 	 19.891303 
( 2,  9) 	 0.000000 	 18.456221 	 14.413522 	 0.000000 
( 3,  0) 	 3.544323 	 3.050359 	 0.000000 	 12.579514 
( 3,  1) 	 0.000000 	 0.000000 	 0.000000 	 0.000000 
( 3,  2) 	 0.000000 	 0.000000 	 0.000000 	 0.000000 
( 3,  3) 	 0.000000 	 0.000000 	 15.329019 	 13.043084 
( 3,  4) 	 1.493012 	 0.136677 	 16.870822 	 14.307884 
( 3,  5) 	 0.000000 	 5.589166 	 18.749590 	 15.670704 
( 3,  6) 	 0.000000 	 12.239997 	 26.704316 	 17.394811 
( 3,  7) 	 6.745423 	 8.224484 	 25.799069 	 15.424704 
( 3,  8) 	 7.838828 	 17.123989 	 25.079865 	 16.649106 
( 3,  9) 	 0.000000 	 17.040366 	 14.587547 	 0.000000 
( 4,  0) 	 2.034399 	 0.000000 	 7.850366 	 7.299411 
( 4,  1) 	 0.000000 	 0.000000 	 8.854497 	 8.823523 
( 4,  2) 	 0.000000 	 0.000000 	 11.519634 	 10.528273 
( 4,  3) 	 0.000000 	 11.894042 	 7.030757 	 9.831996 
( 4,  4) 	 0.000000 	 0.000000 	 0.000000 	 0.000000 
( 4,  5) 	 0.000000 	 9.413781 	 0.000000 	 0.000000 
( 4,  6) 	 0.000000 	 12.668356 	 9.747481 	 0.000000 
( 4,  7) 	 0.000000 	 0.000000 	 0.000000 	 0.000000 
( 4,  8) 	 0.000000 	 0.000000 	 0.000000 	 0.000000 
( 4,  9) 	 0.000000 	 0.000000 	 -0.363591 	 0.000671 
( 5,  0) 	 0.000000 	 0.000000 	 0.000000 	 0.000000 
( 5,  1) 	 0.000000 	 0.000000 	 5.033168 	 -0.622406 
( 5,  2) 	 -0.051731 	 7.205177 	 5.755242 	 -0.000000 
( 5,  3) 	 0.000000 	 9.879830 	 0.000369 	 0.000266 
( 5,  4) 	 0.000000 	 1.136342 	 0.000336 	 0.000000 
( 5,  5) 	 0.000000 	 2.014372 	 -0.687129 	 -0.500302 
( 5,  6) 	 -0.000604 	 11.057365 	 6.464317 	 2.670240 
( 5,  7) 	 0.306411 	 -0.486332 	 0.000000 	 0.000000 
( 5,  8) 	 -0.640250 	 0.000000 	 0.000000 	 0.000000 
( 5,  9) 	 -0.519508 	 -0.000604 	 0.000000 	 -0.001150 
( 6,  0) 	 0.000000 	 0.000000 	 0.000000 	 0.000000 
( 6,  1) 	 0.000000 	 0.000000 	 0.000000 	 0.000000 
( 6,  2) 	 0.000000 	 8.403512 	 4.850046 	 0.000000 
( 6,  3) 	 0.001048 	 2.165561 	 3.924100 	 -0.000000 
( 6,  4) 	 0.000414 	 0.000000 	 0.000000 	 0.000000 
( 6,  5) 	 0.000000 	 0.000000 	 0.000000 	 0.000000 
( 6,  6) 	 0.000000 	 10.578948 	 7.835955 	 0.000000 
( 6,  7) 	 0.000000 	 0.000000 	 0.407807 	 0.000000 
( 6,  8) 	 -0.012303 	 0.000000 	 -0.403993 	 0.000000 
( 6,  9) 	 -0.328080 	 -0.001420 	 -0.500000 	 -0.000115 
( 7,  0) 	 0.000000 	 0.000000 	 0.000000 	 0.000000 
( 7,  1) 	 0.000000 	 0.000000 	 4.673506 	 0.000000 
( 7,  2) 	 0.000000 	 7.897036 	 8.024112 	 0.000000 
( 7,  3) 	 -0.000122 	 0.000000 	 0.000000 	 0.000000 
( 7,  4) 	 0.000000 	 0.000000 	 0.000000 	 0.000000 
( 7,  5) 	 0.000000 	 0.000000 	 12.490977 	 0.000000 
( 7,  6) 	 0.000000 	 9.212511 	 3.356297 	 0.000000 
( 7,  7) 	 0.000000 	 0.000000 	 0.000000 	 0.000000 
( 7,  8) 	 0.000000 	 0.000000 	 0.000000 	 -0.000000 
( 7,  9) 	 -0.000604 	 0.000081 	 0.000000 	 0.000000 
( 8,  0) 	 0.000000 	 0.000000 	 2.832418 	 0.000000 
( 8,  1) 	 0.000000 	 1.135671 	 8.967493 	 0.000000 
( 8,  2) 	 0.000000 	 7.397283 	 3.711229 	 0.000000 
( 8,  3) 	 0.000000 	 0.000000 	 0.000000 	 0.000000 
( 8,  4) 	 0.000000 	 0.000000 	 0.000000 	 0.000000 
( 8,  5) 	 0.000000 	 0.000000 	 0.000000 	 0.000000 
( 8,  6) 	 0.000000 	 0.000000 	 0.000000 	 0.000000 
( 8,  7) 	 0.000000 	 0.000000 	 0.000000 	 0.000000 
( 8,  8) 	 0.000000 	 0.000000 	 0.000000 	 -0.000000 
( 8,  9) 	 0.000000 	 -0.000000 	 -0.500000 	 -0.000000 
( 9,  0) 	 0.000000 	 0.000000 	 0.000000 	 0.000000 
( 9,  1) 	 0.000000 	 0.000000 	 0.000000 	 0.000000 
( 9,  2) 	 0.000000 	 0.000000 	 0.000000 	 0.000000 
( 9,  3) 	 0.000000 	 0.000000 	 0.000000 	 0.000000 
( 9,  4) 	 0.000000 	 0.000000 	 0.000000 	 0.000000 
( 9,  5) 	 0.000000 	 0.000000 	 0.000000 	 0.000000 
( 9,  6) 	 0.000000 	 0.000000 	 0.000000 	 0.000000 
( 9,  7) 	 0.000000 	 0.000000 	 0.000000 	 0.000000 
( 9,  8) 	 0.000000 	 0.000000 	 -0.328050 	 0.000000 
( 9,  9) 	 -0.132860 	 -0.405000 	 -0.392383 	 -0.500000 
