State 	 Left 	 Up 	 Right 	 Down 
( 0,  0) 	 0.000000 	 -0.774171 	 1.271677 	 6.308032 
( 0,  1) 	 0.000000 	 0.000000 	 0.000000 	 0.778509 
( 0,  2) 	 0.000000 	 0.000000 	 0.000000 	 0.000000 
( 0,  3) 	 0.000000 	 0.000000 	 0.000000 	 0.000000 
( 0,  4) 	 0.000000 	 -1.802022 	 7.068908 	 0.550671 
( 0,  5) 	 0.563280 	 0.000000 	 12.137994 	 3.980071 
( 0,  6) 	 4.808901 	 0.000000 	 12.574318 	 0.000000 
( 0,  7) 	 4.363117 	 0.000000 	 15.093425 	 0.000000 
( 0,  8) 	 0.000000 	 0.000000 	 1.135671 	 12.536007 
( 0,  9) 	 0.000000 	 0.000000 	 0.000000 	 0.878198 
( 1,  0) 	 -0.555485 	 0.000000 	 9.619371 	 3.281610 
( 1,  1) 	 0.000000 	 0.000000 	 14.588130 	 0.000000 
( 1,  2) 	 0.000000 	 0.000000 	 14.942172 	 0.000000 
( 1,  3) 	 0.000000 	 0.000000 	 10.030482 	 5.187662 
( 1,  4) 	 0.000000 	 0.467670 	 0.000000 	 8.497838 
( 1,  5) 	 0.000000 	 7.186479 	 0.000000 	 4.593078 
( 1,  6) 	 0.000000 	 0.000000 	 0.000000 	 0.000000 
( 1,  7) 	 3.451096 	 7.943886 	 4.877896 	 0.000000 
( 1,  8) 	 0.000000 	 0.000000 	 0.000000 	 0.000000 
( 1,  9) 	 12.328698 	 0.000000 	 0.000000 	 2.436379 
( 2,  0) 	 0.000000 	 3.358907 	 0.000000 	 3.143032 
( 2,  1) 	 0.000000 	 0.502968 	 0.000000 	 0.000000 
( 2,  2) 	 0.000000 	 0.000000 	 0.000000 	 0.000000 
( 2,  3) 	 0.000000 	 0.000000 	 8.483739 	 1.941360 
( 2,  4) 	 0.000000 	 0.000000 	 2.626795 	 10.483900 
( 2,  5) 	 0.000000 	 6.307553 	 0.000000 	 5.313390 
( 2,  6) 	 0.000000 	 0.000000 	 0.000000 	 0.000000 
( 2,  7) 	 0.000000 	 13.467646 	 0.000000 	 0.000000 
( 2,  8) 	 0.000335 	 15.392130 	 2.551831 	 0.000000 
( 2,  9) 	 0.000000 	 8.433227 	 0.000000 	 8.660672 
( 3,  0) 	 0.000000 	 3.583304 	 0.000000 	 3.280116 
( 3,  1) 	 0.000000 	 1.013265 	 0.000000 	 0.000000 
( 3,  2) 	 0.000000 	 0.000000 	 0.000000 	 0.000000 
( 3,  3) 	 0.000000 	 1.646268 	 0.000000 	 2.965515 
( 3,  4) 	 -0.167649 	 0.000000 	 10.881540 	 0.000000 
( 3,  5) 	 4.487887 	 0.031677 	 15.808537 	 0.878265 
( 3,  6) 	 0.393301 	 0.000000 	 18.498142 	 0.000000 
( 3,  7) 	 0.000000 	 8.531938 	 15.502976 	 0.000000 
( 3,  8) 	 1.270671 	 14.466918 	 11.779606 	 3.295930 
( 3,  9) 	 13.831206 	 13.752671 	 0.000000 	 5.899797 
( 4,  0) 	 0.000000 	 3.677127 	 0.000000 	 3.428347 
( 4,  1) 	 0.000000 	 1.135033 	 0.000000 	 0.000000 
( 4,  2) 	 0.000000 	 0.000000 	 0.000000 	 0.000000 
( 4,  3) 	 0.000000 	 2.024326 	 0.000000 	 3.333448 
( 4,  4) 	 0.000000 	 0.000000 	 0.000000 	 0.000000 
( 4,  5) 	 0.000000 	 4.067772 	 0.000000 	 1.135704 
( 4,  6) 	 0.758829 	 5.099745 	 0.000000 	 0.000000 
( 4,  7) 	 0.000000 	 0.000000 	 0.000000 	 0.000000 
( 4,  8) 	 0.000000 	 0.000000 	 0.000000 	 0.000000 
( 4,  9) 	 0.000000 	 16.038428 	 0.000000 	 5.781273 
( 5,  0) 	 -0.749042 	 3.979683 	 0.427459 	 3.605696 
( 5,  1) 	 0.000000 	 0.999698 	 0.988722 	 0.000000 
( 5,  2) 	 1.945460 	 0.000000 	 0.637594 	 0.893141 
( 5,  3) 	 2.705510 	 1.922142 	 1.000000 	 2.741734 
( 5,  4) 	 1.447394 	 0.000000 	 0.000000 	 1.000034 
( 5,  5) 	 0.698750 	 0.000000 	 1.000335 	 0.000000 
( 5,  6) 	 0.821593 	 5.487996 	 0.000000 	 1.000369 
( 5,  7) 	 1.372549 	 0.000000 	 0.000000 	 0.000000 
( 5,  8) 	 2.111530 	 0.000000 	 0.000000 	 0.000000 
( 5,  9) 	 0.000000 	 15.115937 	 3.468277 	 3.679910 
( 6,  0) 	 -0.596129 	 5.829540 	 -0.716641 	 4.092522 
( 6,  1) 	 0.000000 	 0.000000 	 0.000000 	 0.000000 
( 6,  2) 	 0.000000 	 0.000000 	 0.000000 	 1.016663 
( 6,  3) 	 0.000000 	 0.773265 	 0.000000 	 7.051294 
( 6,  4) 	 1.809695 	 0.684747 	 0.000000 	 0.000000 
( 6,  5) 	 0.000000 	 0.000000 	 0.000000 	 0.000000 
( 6,  6) 	 -2.051256 	 2.780486 	 0.000000 	 6.482927 
( 6,  7) 	 2.754333 	 0.000000 	 0.000000 	 0.000000 
( 6,  8) 	 6.178479 	 1.014540 	 0.000000 	 0.000000 
( 6,  9) 	 3.109972 	 14.933633 	 2.899539 	 0.689345 
( 7,  0) 	 -0.164290 	 8.458141 	 -0.320377 	 4.251226 
( 7,  1) 	 2.336299 	 0.000000 	 0.000000 	 0.999698 
( 7,  2) 	 1.945091 	 0.000000 	 1.082725 	 2.546791 
( 7,  3) 	 2.454057 	 0.685904 	 0.000000 	 3.067937 
( 7,  4) 	 0.000000 	 0.914094 	 0.000000 	 0.000000 
( 7,  5) 	 0.877963 	 1.167299 	 1.707182 	 9.346613 
( 7,  6) 	 0.000000 	 4.102078 	 0.000000 	 6.893824 
( 7,  7) 	 0.000000 	 0.000000 	 0.000000 	 0.000000 
( 7,  8) 	 0.000000 	 0.000000 	 0.000000 	 0.000000 
( 7,  9) 	 0.000000 	 17.987238 	 0.000000 	 0.000000 
( 8,  0) 	 0.000000 	 3.465852 	 4.758825 	 0.765991 
( 8,  1) 	 4.684564 	 0.428096 	 9.024556 	 1.148265 
( 8,  2) 	 3.932362 	 0.744986 	 0.000000 	 5.045226 
( 8,  3) 	 0.000000 	 0.000000 	 0.000000 	 9.060651 
( 8,  4) 	 0.000000 	 0.000000 	 0.000000 	 0.000000 
( 8,  5) 	 0.000000 	 1.880933 	 1.570506 	 9.562593 
( 8,  6) 	 2.191489 	 1.841511 	 0.000000 	 7.710029 
( 8,  7) 	 0.000000 	 0.000000 	 0.000000 	 0.000000 
( 8,  8) 	 0.000000 	 0.000000 	 0.000000 	 0.000000 
( 8,  9) 	 0.000000 	 17.968324 	 2.195625 	 1.932214 
( 9,  0) 	 0.000000 	 0.877594 	 1.005636 	 -1.869680 
( 9,  1) 	 1.710885 	 2.233726 	 4.328599 	 0.000000 
( 9,  2) 	 1.197445 	 0.000000 	 7.895574 	 0.000000 
( 9,  3) 	 2.322526 	 0.000000 	 15.925983 	 0.108493 
( 9,  4) 	 2.412715 	 -1.133156 	 16.221747 	 0.000000 
( 9,  5) 	 2.377800 	 3.053447 	 15.136920 	 1.009921 
( 9,  6) 	 0.000000 	 2.316769 	 19.492600 	 1.229787 
( 9,  7) 	 2.742757 	 0.000000 	 22.467351 	 0.000000 
( 9,  8) 	 6.026276 	 0.000000 	 23.173892 	 1.350727 
( 9,  9) 	 6.904081 	 18.794880 	 5.876838 	 0.000000 
