State 	 Left 	 Up 	 Right 	 Down 
( 0,  0) 	 0.000000 	 0.000000 	 8.164611 	 1.135335 
( 0,  1) 	 -0.427651 	 0.000000 	 -0.661769 	 7.861220 
( 0,  2) 	 0.000000 	 0.000000 	 0.000000 	 0.000000 
( 0,  3) 	 0.000000 	 0.000000 	 12.704186 	 0.000000 
( 0,  4) 	 0.000000 	 0.000000 	 14.108009 	 0.000000 
( 0,  5) 	 0.000000 	 0.000000 	 14.767365 	 0.000000 
( 0,  6) 	 0.000000 	 3.054694 	 14.563625 	 0.000000 
( 0,  7) 	 0.000000 	 0.000000 	 0.000000 	 14.590576 
( 0,  8) 	 0.000000 	 0.000000 	 0.000000 	 0.000000 
( 0,  9) 	 0.000000 	 0.000000 	 0.000000 	 0.000000 
( 1,  0) 	 0.000000 	 0.000000 	 3.191338 	 0.000000 
( 1,  1) 	 0.000000 	 2.340899 	 11.505369 	 0.135335 
( 1,  2) 	 0.000000 	 0.000000 	 11.679574 	 0.000000 
( 1,  3) 	 0.824843 	 11.350166 	 0.814025 	 0.000000 
( 1,  4) 	 0.000000 	 3.707743 	 0.000000 	 0.000000 
( 1,  5) 	 0.000000 	 0.000000 	 0.000000 	 0.000000 
( 1,  6) 	 0.000000 	 0.000000 	 0.000000 	 0.000000 
( 1,  7) 	 0.000000 	 0.000000 	 15.526033 	 0.000000 
( 1,  8) 	 0.000000 	 0.000000 	 0.000000 	 0.000000 
( 1,  9) 	 14.338165 	 0.000000 	 0.000000 	 0.000000 
( 2,  0) 	 0.000000 	 -0.000302 	 5.772262 	 0.000000 
( 2,  1) 	 -0.000245 	 5.913314 	 0.000000 	 0.000335 
( 2,  2) 	 0.000000 	 0.000000 	 0.000000 	 0.000000 
( 2,  3) 	 0.000000 	 0.000000 	 0.000000 	 0.000000 
( 2,  4) 	 0.000000 	 0.000000 	 0.000000 	 0.000000 
( 2,  5) 	 0.000000 	 0.000000 	 0.000000 	 0.000000 
( 2,  6) 	 0.000000 	 0.000000 	 0.000000 	 0.000000 
( 2,  7) 	 0.000000 	 0.000000 	 0.000000 	 0.000000 
( 2,  8) 	 0.000000 	 0.000000 	 0.000000 	 0.000000 
( 2,  9) 	 0.000000 	 14.912633 	 0.000000 	 0.000000 
( 3,  0) 	 0.409921 	 5.425170 	 0.000000 	 0.000000 
( 3,  1) 	 0.000000 	 0.000000 	 0.000000 	 1.049085 
( 3,  2) 	 0.000000 	 0.000000 	 0.000000 	 0.000000 
( 3,  3) 	 0.000000 	 0.000000 	 0.000000 	 0.000000 
( 3,  4) 	 0.000000 	 0.000000 	 0.000000 	 0.000000 
( 3,  5) 	 0.000000 	 0.000000 	 0.000000 	 0.000000 
( 3,  6) 	 0.000000 	 0.000000 	 0.000000 	 0.000000 
( 3,  7) 	 0.000000 	 0.000000 	 0.000000 	 0.000000 
( 3,  8) 	 0.000000 	 0.000000 	 0.000000 	 0.000000 
( 3,  9) 	 0.000000 	 15.273139 	 0.000000 	 0.000000 
( 4,  0) 	 0.000000 	 5.370360 	 0.000335 	 0.000000 
( 4,  1) 	 1.295167 	 -0.107564 	 0.000000 	 -0.122406 
( 4,  2) 	 0.000000 	 0.000000 	 0.000000 	 0.000000 
( 4,  3) 	 0.000000 	 0.000000 	 0.000000 	 0.000000 
( 4,  4) 	 0.000000 	 0.000000 	 0.000000 	 0.000000 
( 4,  5) 	 0.000000 	 0.000000 	 0.000000 	 0.000000 
( 4,  6) 	 0.000000 	 0.000000 	 0.000000 	 0.000000 
( 4,  7) 	 0.000000 	 0.000000 	 0.000000 	 0.000000 
( 4,  8) 	 0.000000 	 0.000000 	 0.000000 	 0.000000 
( 4,  9) 	 0.000000 	 15.056412 	 0.000000 	 0.000000 
( 5,  0) 	 0.238709 	 5.048905 	 0.000000 	 0.000000 
( 5,  1) 	 1.043223 	 0.000000 	 0.000000 	 0.000000 
( 5,  2) 	 0.000000 	 0.000000 	 0.000000 	 0.000000 
( 5,  3) 	 0.000000 	 0.000000 	 0.000000 	 0.000000 
( 5,  4) 	 0.000000 	 0.000000 	 0.000000 	 0.000000 
( 5,  5) 	 0.000000 	 0.000000 	 0.000000 	 0.000000 
( 5,  6) 	 0.000000 	 0.000000 	 0.000000 	 0.000000 
( 5,  7) 	 0.000000 	 0.000000 	 0.000000 	 0.000000 
( 5,  8) 	 0.000000 	 0.000000 	 0.000000 	 0.000000 
( 5,  9) 	 0.000000 	 14.814120 	 0.000000 	 1.246045 
( 6,  0) 	 0.479310 	 4.769251 	 0.000000 	 0.000000 
( 6,  1) 	 0.000000 	 0.000000 	 0.000000 	 0.000000 
( 6,  2) 	 0.000000 	 0.000000 	 0.000000 	 0.000000 
( 6,  3) 	 0.000000 	 0.000000 	 0.000000 	 0.000000 
( 6,  4) 	 0.000000 	 0.000000 	 0.000000 	 0.000000 
( 6,  5) 	 0.000000 	 0.000000 	 0.000000 	 0.000000 
( 6,  6) 	 0.000000 	 0.000000 	 0.000000 	 0.000000 
( 6,  7) 	 0.000000 	 0.000000 	 0.000000 	 0.000000 
( 6,  8) 	 0.000000 	 0.000000 	 0.000000 	 0.000000 
( 6,  9) 	 0.000000 	 14.560180 	 0.000000 	 0.000000 
( 7,  0) 	 0.000000 	 4.600130 	 0.000000 	 -0.000302 
( 7,  1) 	 3.715618 	 0.000000 	 0.000000 	 0.000000 
( 7,  2) 	 0.000000 	 0.000000 	 0.000000 	 0.000000 
( 7,  3) 	 0.000000 	 0.000000 	 0.000000 	 0.000000 
( 7,  4) 	 0.000000 	 0.000000 	 0.000000 	 0.000000 
( 7,  5) 	 0.000000 	 0.000000 	 6.930743 	 0.000000 
( 7,  6) 	 0.000000 	 0.000000 	 0.000000 	 7.202286 
( 7,  7) 	 0.000000 	 0.000000 	 0.000000 	 0.000000 
( 7,  8) 	 0.000000 	 0.000000 	 0.000000 	 0.000000 
( 7,  9) 	 0.000000 	 14.299006 	 0.000000 	 0.000000 
( 8,  0) 	 0.000000 	 1.135818 	 0.000000 	 0.000000 
( 8,  1) 	 0.000000 	 3.525313 	 1.517436 	 0.000000 
( 8,  2) 	 0.929921 	 0.000000 	 1.135033 	 -0.000000 
( 8,  3) 	 0.000000 	 0.000000 	 0.000000 	 1.000000 
( 8,  4) 	 0.000000 	 0.000000 	 0.000000 	 0.000000 
( 8,  5) 	 0.000000 	 0.000000 	 0.000000 	 0.000000 
( 8,  6) 	 0.000000 	 0.000000 	 8.046884 	 0.000000 
( 8,  7) 	 0.000000 	 0.000000 	 8.928795 	 0.000335 
( 8,  8) 	 0.000000 	 0.000000 	 13.132900 	 0.000000 
( 8,  9) 	 0.000000 	 13.367751 	 0.000000 	 0.000000 
( 9,  0) 	 0.000000 	 0.000000 	 0.000000 	 0.000000 
( 9,  1) 	 0.000000 	 0.000000 	 0.000000 	 0.000000 
( 9,  2) 	 -0.121802 	 0.366728 	 -0.000000 	 0.000000 
( 9,  3) 	 -0.098961 	 0.000000 	 1.000034 	 0.000000 
( 9,  4) 	 0.000000 	 0.000000 	 1.135335 	 0.000000 
( 9,  5) 	 0.000000 	 0.000000 	 1.136409 	 0.000000 
( 9,  6) 	 0.000000 	 0.000000 	 0.908613 	 0.000000 
( 9,  7) 	 -0.433591 	 0.000000 	 6.742285 	 -0.500000 
( 9,  8) 	 0.000000 	 7.077334 	 0.000000 	 0.000000 
( 9,  9) 	 0.000000 	 0.000000 	 0.000000 	 0.000000 
