State 	 Left 	 Up 	 Right 	 Down 
( 0,  0) 	 0.000000 	 0.000000 	 7.697061 	 2.629191 
( 0,  1) 	 -0.427651 	 0.000000 	 -0.661769 	 8.096815 
( 0,  2) 	 0.000000 	 0.000000 	 0.000000 	 0.000000 
( 0,  3) 	 0.000000 	 3.939558 	 15.178330 	 3.817278 
( 0,  4) 	 0.000000 	 0.000000 	 16.555648 	 0.000000 
( 0,  5) 	 0.000000 	 0.000000 	 17.180825 	 0.000000 
( 0,  6) 	 0.000000 	 3.054694 	 17.025233 	 0.000000 
( 0,  7) 	 3.966127 	 0.000000 	 6.190414 	 14.407018 
( 0,  8) 	 0.000000 	 0.000000 	 0.000000 	 0.000000 
( 0,  9) 	 0.000000 	 0.000000 	 0.000000 	 0.000000 
( 1,  0) 	 0.000000 	 0.000000 	 9.746789 	 0.000000 
( 1,  1) 	 0.000000 	 2.340899 	 14.377069 	 0.135335 
( 1,  2) 	 0.000000 	 0.000000 	 14.485730 	 0.000000 
( 1,  3) 	 0.824843 	 11.421183 	 4.825601 	 0.000000 
( 1,  4) 	 0.000000 	 3.707743 	 0.000000 	 0.000000 
( 1,  5) 	 0.000000 	 0.000000 	 0.000000 	 0.000000 
( 1,  6) 	 0.000000 	 0.000000 	 0.000000 	 0.000000 
( 1,  7) 	 0.000000 	 0.000000 	 17.562268 	 0.000000 
( 1,  8) 	 0.000000 	 0.000000 	 0.000000 	 0.000000 
( 1,  9) 	 18.254778 	 0.000000 	 0.000000 	 0.000000 
( 2,  0) 	 0.000000 	 -0.000302 	 6.036804 	 0.000000 
( 2,  1) 	 -0.000245 	 5.960105 	 0.000000 	 0.000335 
( 2,  2) 	 0.000000 	 0.000000 	 0.000000 	 0.000000 
( 2,  3) 	 0.000000 	 0.000000 	 0.000000 	 0.000000 
( 2,  4) 	 0.000000 	 0.000000 	 0.000000 	 0.000000 
( 2,  5) 	 0.000000 	 0.000000 	 0.000000 	 0.000000 
( 2,  6) 	 0.000000 	 0.000000 	 0.000000 	 0.000000 
( 2,  7) 	 0.000000 	 0.000000 	 0.000000 	 0.000000 
( 2,  8) 	 0.000000 	 0.000000 	 0.000000 	 0.000000 
( 2,  9) 	 0.000000 	 19.365562 	 3.166543 	 0.000000 
( 3,  0) 	 0.409921 	 5.461220 	 0.000000 	 0.000000 
( 3,  1) 	 0.000000 	 0.000000 	 0.000000 	 1.049085 
( 3,  2) 	 0.000000 	 0.000000 	 0.000000 	 0.000000 
( 3,  3) 	 0.000000 	 0.000000 	 0.000000 	 0.000000 
( 3,  4) 	 0.000000 	 0.000000 	 0.000000 	 0.000000 
( 3,  5) 	 0.000000 	 0.000000 	 0.000000 	 0.000000 
( 3,  6) 	 0.000000 	 0.000000 	 0.000000 	 0.000000 
( 3,  7) 	 0.000000 	 0.000000 	 0.000000 	 0.000000 
( 3,  8) 	 0.000000 	 0.000000 	 0.000000 	 0.000000 
( 3,  9) 	 0.000000 	 20.345001 	 0.000000 	 0.000000 
( 4,  0) 	 0.000000 	 5.409601 	 0.000335 	 0.000000 
( 4,  1) 	 1.295167 	 -0.107564 	 0.000000 	 -0.122406 
( 4,  2) 	 0.000000 	 0.000000 	 0.000000 	 0.000000 
( 4,  3) 	 0.000000 	 0.000000 	 0.000000 	 0.000000 
( 4,  4) 	 0.000000 	 0.000000 	 0.000000 	 0.000000 
( 4,  5) 	 0.000000 	 0.000000 	 0.000000 	 0.000000 
( 4,  6) 	 0.000000 	 0.000000 	 0.000000 	 0.000000 
( 4,  7) 	 0.000000 	 0.000000 	 0.000000 	 0.000000 
( 4,  8) 	 0.000000 	 0.000000 	 0.000000 	 0.000000 
( 4,  9) 	 0.000000 	 20.152419 	 0.000000 	 0.000000 
( 5,  0) 	 0.238709 	 5.118824 	 0.000000 	 0.000000 
( 5,  1) 	 1.043223 	 0.000000 	 0.000000 	 0.000000 
( 5,  2) 	 0.000000 	 0.000000 	 0.000000 	 0.000000 
( 5,  3) 	 0.000000 	 0.000000 	 0.000000 	 0.000000 
( 5,  4) 	 0.000000 	 0.000000 	 0.000000 	 0.000000 
( 5,  5) 	 0.000000 	 0.000000 	 0.000000 	 0.000000 
( 5,  6) 	 0.000000 	 0.000000 	 0.000000 	 0.000000 
( 5,  7) 	 0.000000 	 0.000000 	 0.000000 	 0.000000 
( 5,  8) 	 0.000000 	 0.000000 	 0.000000 	 0.000000 
( 5,  9) 	 0.000000 	 19.933034 	 0.000000 	 1.246045 
( 6,  0) 	 0.479310 	 4.855803 	 0.542006 	 0.000000 
( 6,  1) 	 0.000000 	 0.000000 	 0.000000 	 0.000000 
( 6,  2) 	 0.000000 	 0.000000 	 0.000000 	 0.000000 
( 6,  3) 	 0.000000 	 0.000000 	 0.000000 	 0.000000 
( 6,  4) 	 0.000000 	 0.000000 	 0.000000 	 0.000000 
( 6,  5) 	 0.000000 	 0.000000 	 0.000000 	 0.000000 
( 6,  6) 	 0.000000 	 0.000000 	 0.000000 	 0.000000 
( 6,  7) 	 0.000000 	 0.000000 	 0.000000 	 0.000000 
( 6,  8) 	 0.000000 	 0.000000 	 0.000000 	 0.000000 
( 6,  9) 	 0.000000 	 19.700900 	 0.000000 	 0.000000 
( 7,  0) 	 0.000000 	 4.811749 	 0.000000 	 -0.000302 
( 7,  1) 	 4.226596 	 0.000000 	 0.000000 	 0.000000 
( 7,  2) 	 0.000000 	 0.000000 	 0.000000 	 0.000000 
( 7,  3) 	 0.000000 	 0.000000 	 0.000000 	 0.000000 
( 7,  4) 	 0.000000 	 0.000000 	 0.000000 	 0.000000 
( 7,  5) 	 0.000000 	 0.000000 	 9.565809 	 0.000000 
( 7,  6) 	 0.000000 	 0.000000 	 0.000000 	 9.829799 
( 7,  7) 	 0.000000 	 0.000000 	 0.000000 	 0.000000 
( 7,  8) 	 0.000000 	 0.000000 	 0.000000 	 0.000000 
( 7,  9) 	 0.000000 	 19.461439 	 0.000000 	 0.000000 
( 8,  0) 	 0.000000 	 1.135818 	 0.000000 	 0.000000 
( 8,  1) 	 0.000000 	 3.966845 	 2.260913 	 0.000000 
( 8,  2) 	 0.929921 	 0.000000 	 7.252897 	 -0.000000 
( 8,  3) 	 0.000000 	 0.000000 	 0.000000 	 7.005401 
( 8,  4) 	 0.000000 	 0.000000 	 0.000000 	 0.000000 
( 8,  5) 	 0.000000 	 0.000000 	 0.000000 	 0.000000 
( 8,  6) 	 0.000000 	 0.000000 	 11.197743 	 0.000000 
( 8,  7) 	 0.000000 	 0.000000 	 12.582546 	 0.000335 
( 8,  8) 	 0.000000 	 0.000000 	 17.531905 	 2.283593 
( 8,  9) 	 0.000000 	 18.013052 	 0.000000 	 0.000000 
( 9,  0) 	 0.000000 	 0.000000 	 0.000000 	 0.000000 
( 9,  1) 	 0.000000 	 0.000000 	 0.000000 	 0.000000 
( 9,  2) 	 -0.121802 	 0.366728 	 -0.000000 	 0.000000 
( 9,  3) 	 -0.098961 	 0.000000 	 7.269284 	 0.000000 
( 9,  4) 	 0.000000 	 0.000000 	 7.786857 	 0.000000 
( 9,  5) 	 0.000000 	 0.000000 	 8.012441 	 0.000000 
( 9,  6) 	 0.000000 	 0.000000 	 8.635349 	 0.000000 
( 9,  7) 	 -0.433591 	 0.000000 	 11.489261 	 -0.500000 
( 9,  8) 	 0.000000 	 10.852596 	 0.000000 	 0.000000 
( 9,  9) 	 0.000000 	 0.000000 	 0.000000 	 0.000000 
