State 	 Left 	 Up 	 Right 	 Down 
( 0,  0) 	 0.000000 	 0.000000 	 1.271342 	 8.425592 
( 0,  1) 	 0.000000 	 0.000000 	 0.000000 	 4.887325 
( 0,  2) 	 0.000000 	 0.000000 	 0.000000 	 0.000000 
( 0,  3) 	 0.000000 	 0.000000 	 0.000000 	 0.000000 
( 0,  4) 	 0.000000 	 0.000000 	 0.000000 	 0.000000 
( 0,  5) 	 0.000000 	 0.000000 	 19.060061 	 0.000000 
( 0,  6) 	 3.144024 	 0.000000 	 19.815282 	 0.000000 
( 0,  7) 	 0.000000 	 3.424818 	 20.095476 	 0.000000 
( 0,  8) 	 0.000000 	 0.000000 	 10.237323 	 11.756839 
( 0,  9) 	 0.000000 	 0.000000 	 0.000000 	 0.000000 
( 1,  0) 	 0.000000 	 0.000000 	 12.171501 	 1.148567 
( 1,  1) 	 -0.570904 	 0.000000 	 17.179617 	 0.000000 
( 1,  2) 	 0.000000 	 0.000000 	 17.810611 	 0.000000 
( 1,  3) 	 0.000000 	 0.000000 	 18.344562 	 0.000000 
( 1,  4) 	 0.000000 	 0.000000 	 18.649334 	 0.000000 
( 1,  5) 	 0.000000 	 10.033297 	 10.204730 	 0.000000 
( 1,  6) 	 0.000000 	 0.000000 	 0.000000 	 0.000000 
( 1,  7) 	 0.000000 	 0.000000 	 6.013299 	 0.000000 
( 1,  8) 	 0.000000 	 0.000000 	 0.000000 	 0.000000 
( 1,  9) 	 11.538223 	 0.000000 	 0.000000 	 0.000000 
( 2,  0) 	 0.000000 	 3.236801 	 0.000000 	 1.136006 
( 2,  1) 	 0.000000 	 0.000000 	 0.000000 	 0.000000 
( 2,  2) 	 0.000000 	 0.000000 	 0.000000 	 0.000000 
( 2,  3) 	 0.000000 	 0.000000 	 0.000000 	 0.999396 
( 2,  4) 	 1.687441 	 0.000000 	 0.000000 	 0.000000 
( 2,  5) 	 0.000000 	 0.000000 	 0.000000 	 0.000000 
( 2,  6) 	 0.000000 	 0.000000 	 0.000000 	 0.000000 
( 2,  7) 	 0.000000 	 1.271040 	 0.000000 	 0.000000 
( 2,  8) 	 0.000000 	 12.038595 	 0.000000 	 0.000000 
( 2,  9) 	 0.000000 	 11.397223 	 0.000000 	 0.000000 
( 3,  0) 	 0.000000 	 0.502364 	 0.000000 	 1.135671 
( 3,  1) 	 0.000000 	 0.000000 	 0.000000 	 0.000000 
( 3,  2) 	 0.000000 	 0.000000 	 0.000000 	 0.000000 
( 3,  3) 	 0.000000 	 0.000000 	 0.000000 	 1.134731 
( 3,  4) 	 0.000000 	 0.878232 	 0.000000 	 0.000000 
( 3,  5) 	 1.711401 	 0.000000 	 0.442403 	 0.000000 
( 3,  6) 	 0.000000 	 0.000000 	 7.594296 	 0.000000 
( 3,  7) 	 0.000000 	 1.013936 	 7.872288 	 0.000000 
( 3,  8) 	 0.624434 	 10.434301 	 0.000000 	 0.000000 
( 3,  9) 	 0.563571 	 11.080967 	 0.000000 	 0.000000 
( 4,  0) 	 0.000000 	 0.502515 	 0.000000 	 1.013567 
( 4,  1) 	 0.000000 	 0.000000 	 0.000000 	 0.000000 
( 4,  2) 	 0.000000 	 0.000000 	 0.000000 	 0.000000 
( 4,  3) 	 0.000000 	 0.000000 	 0.000000 	 1.135369 
( 4,  4) 	 0.000000 	 0.000000 	 0.000000 	 0.000000 
( 4,  5) 	 0.000000 	 3.006501 	 0.000000 	 0.000000 
( 4,  6) 	 1.000335 	 1.135671 	 0.000000 	 0.000000 
( 4,  7) 	 0.000000 	 0.000000 	 0.000000 	 0.000000 
( 4,  8) 	 0.000000 	 0.000000 	 0.000000 	 0.000000 
( 4,  9) 	 0.000000 	 11.779620 	 2.617693 	 0.000000 
( 5,  0) 	 0.000000 	 0.447569 	 0.000000 	 1.135671 
( 5,  1) 	 0.000000 	 0.000000 	 0.000000 	 0.000000 
( 5,  2) 	 0.000000 	 0.000000 	 0.000000 	 0.000000 
( 5,  3) 	 0.000000 	 0.000000 	 0.999128 	 0.000000 
( 5,  4) 	 0.000000 	 0.000000 	 1.013634 	 0.878232 
( 5,  5) 	 0.000000 	 0.718759 	 0.000000 	 0.000000 
( 5,  6) 	 0.000000 	 2.955744 	 0.000000 	 0.000000 
( 5,  7) 	 2.019974 	 0.000000 	 0.000000 	 0.000000 
( 5,  8) 	 2.514713 	 0.000000 	 0.000000 	 0.000000 
( 5,  9) 	 0.000000 	 11.357710 	 0.000000 	 0.000000 
( 6,  0) 	 0.000000 	 0.502515 	 -0.500000 	 1.451459 
( 6,  1) 	 0.000000 	 0.000000 	 0.000000 	 0.000000 
( 6,  2) 	 0.000000 	 0.000000 	 0.878936 	 0.000000 
( 6,  3) 	 0.000000 	 0.000000 	 1.539128 	 0.000000 
( 6,  4) 	 0.000000 	 0.373436 	 0.000000 	 2.566349 
( 6,  5) 	 0.000000 	 0.000000 	 0.000000 	 0.000000 
( 6,  6) 	 1.381664 	 1.148567 	 8.676995 	 0.000000 
( 6,  7) 	 0.000000 	 0.000000 	 9.396141 	 1.198308 
( 6,  8) 	 0.000000 	 1.272013 	 7.632128 	 0.000000 
( 6,  9) 	 0.000000 	 10.735084 	 0.000000 	 0.000000 
( 7,  0) 	 -0.828352 	 0.442120 	 0.702758 	 0.741826 
( 7,  1) 	 -0.000000 	 -0.500000 	 2.321447 	 0.000000 
( 7,  2) 	 -0.405000 	 0.878903 	 0.902694 	 0.000000 
( 7,  3) 	 -0.000000 	 0.000000 	 5.943827 	 0.742001 
( 7,  4) 	 1.227479 	 0.000000 	 8.292264 	 0.000000 
( 7,  5) 	 1.212642 	 0.000000 	 8.417989 	 1.717459 
( 7,  6) 	 0.000000 	 10.840301 	 0.000000 	 0.000000 
( 7,  7) 	 0.000000 	 0.000000 	 0.000000 	 0.000000 
( 7,  8) 	 0.000000 	 0.000000 	 0.000000 	 0.000000 
( 7,  9) 	 0.000000 	 3.946108 	 0.000000 	 0.000000 
( 8,  0) 	 0.000000 	 -0.010231 	 0.000000 	 1.135369 
( 8,  1) 	 0.000000 	 1.403869 	 5.077562 	 0.000000 
( 8,  2) 	 0.000000 	 0.000000 	 5.080721 	 0.000000 
( 8,  3) 	 0.000000 	 4.833148 	 0.000000 	 0.000000 
( 8,  4) 	 0.000000 	 0.000000 	 0.000000 	 0.000000 
( 8,  5) 	 0.000000 	 0.000000 	 0.000000 	 1.887926 
( 8,  6) 	 0.000000 	 3.112037 	 1.137348 	 0.000000 
( 8,  7) 	 3.008943 	 0.000000 	 0.000000 	 0.000000 
( 8,  8) 	 0.000000 	 0.000000 	 0.000000 	 0.000000 
( 8,  9) 	 0.000000 	 1.135369 	 0.000000 	 0.000000 
( 9,  0) 	 0.000000 	 0.488510 	 1.000335 	 0.000000 
( 9,  1) 	 0.563416 	 0.000000 	 1.026799 	 -1.499665 
( 9,  2) 	 0.331721 	 0.000000 	 1.148634 	 0.000000 
( 9,  3) 	 0.386245 	 0.000000 	 1.136342 	 0.000000 
( 9,  4) 	 0.501576 	 0.000000 	 1.013299 	 0.000000 
( 9,  5) 	 0.189371 	 0.000000 	 2.795643 	 0.000000 
( 9,  6) 	 0.000000 	 0.877058 	 1.135671 	 0.000000 
( 9,  7) 	 0.000000 	 0.000000 	 1.135671 	 0.000000 
( 9,  8) 	 0.000000 	 0.000000 	 1.135671 	 0.000000 
( 9,  9) 	 0.000000 	 1.000000 	 0.000000 	 0.000000 
