State 	 Left 	 Up 	 Right 	 Down 
( 0,  0) 	 0.000000 	 0.000000 	 0.000000 	 9.201732 
( 0,  1) 	 -0.432201 	 0.000000 	 -0.363994 	 0.000000 
( 0,  2) 	 0.000000 	 0.000000 	 0.000000 	 0.000000 
( 0,  3) 	 -0.512271 	 0.000000 	 0.136342 	 0.000000 
( 0,  4) 	 0.000000 	 0.000000 	 0.000000 	 2.206004 
( 0,  5) 	 0.000000 	 4.485406 	 13.831597 	 0.000000 
( 0,  6) 	 0.000000 	 4.964566 	 15.311011 	 0.000000 
( 0,  7) 	 0.000000 	 12.769542 	 17.680159 	 3.536567 
( 0,  8) 	 3.692516 	 11.192572 	 12.407816 	 12.374204 
( 0,  9) 	 5.250017 	 0.000000 	 0.000000 	 0.000000 
( 1,  0) 	 0.385708 	 -0.482447 	 8.249345 	 1.473673 
( 1,  1) 	 0.000000 	 0.000000 	 10.820726 	 0.000000 
( 1,  2) 	 0.000000 	 2.210201 	 11.337725 	 0.000000 
( 1,  3) 	 0.000000 	 0.000335 	 13.251958 	 0.000000 
( 1,  4) 	 0.000000 	 0.000000 	 11.647735 	 1.000000 
( 1,  5) 	 2.997584 	 12.589893 	 7.256930 	 0.000000 
( 1,  6) 	 0.000000 	 0.000000 	 0.000000 	 0.000000 
( 1,  7) 	 0.000000 	 13.107476 	 5.310931 	 3.249525 
( 1,  8) 	 0.000000 	 0.000000 	 0.000000 	 0.000000 
( 1,  9) 	 0.000000 	 0.000000 	 0.000000 	 0.000000 
( 2,  0) 	 0.000000 	 -0.570904 	 1.271342 	 0.000000 
( 2,  1) 	 0.000000 	 3.617090 	 0.000000 	 0.000000 
( 2,  2) 	 0.000000 	 0.000000 	 0.000000 	 0.000000 
( 2,  3) 	 0.000000 	 2.941155 	 0.000000 	 0.000000 
( 2,  4) 	 0.000000 	 0.000000 	 3.545409 	 0.000000 
( 2,  5) 	 0.000000 	 10.011895 	 0.000000 	 -0.000000 
( 2,  6) 	 0.000000 	 0.000000 	 0.000000 	 0.000000 
( 2,  7) 	 -0.500275 	 13.123634 	 4.972990 	 0.000000 
( 2,  8) 	 6.832913 	 12.988201 	 4.271917 	 3.427771 
( 2,  9) 	 0.000000 	 0.000000 	 -0.500000 	 0.000000 
( 3,  0) 	 0.000000 	 0.000000 	 0.000000 	 0.000000 
( 3,  1) 	 0.000000 	 0.000000 	 0.000000 	 0.000000 
( 3,  2) 	 0.000000 	 0.000000 	 0.000000 	 0.000000 
( 3,  3) 	 0.000000 	 1.136006 	 0.000000 	 0.000000 
( 3,  4) 	 0.000000 	 0.000000 	 0.000000 	 0.000000 
( 3,  5) 	 0.000000 	 3.728939 	 -0.000198 	 -0.000000 
( 3,  6) 	 0.921283 	 7.368525 	 9.987298 	 0.000152 
( 3,  7) 	 0.000000 	 9.013569 	 11.236095 	 1.510725 
( 3,  8) 	 0.000000 	 14.054213 	 4.048949 	 2.055577 
( 3,  9) 	 -0.000000 	 0.000000 	 -0.500000 	 0.000000 
( 4,  0) 	 0.000000 	 0.000000 	 0.000000 	 0.000000 
( 4,  1) 	 0.000000 	 0.000000 	 0.000000 	 0.000000 
( 4,  2) 	 0.000000 	 0.000000 	 0.000000 	 0.000000 
( 4,  3) 	 0.000000 	 1.271140 	 0.000000 	 0.000000 
( 4,  4) 	 0.000000 	 0.000000 	 0.000000 	 0.000000 
( 4,  5) 	 -0.500000 	 4.519249 	 6.060131 	 1.783345 
( 4,  6) 	 2.485594 	 14.184392 	 0.000000 	 -0.000000 
( 4,  7) 	 0.000000 	 0.000000 	 0.000000 	 0.000000 
( 4,  8) 	 0.000000 	 0.000000 	 0.000000 	 0.000000 
( 4,  9) 	 -0.500000 	 -0.000000 	 0.000000 	 0.000000 
( 5,  0) 	 0.000000 	 0.000000 	 0.000000 	 0.000000 
( 5,  1) 	 0.000000 	 0.000000 	 0.000000 	 0.000000 
( 5,  2) 	 0.000000 	 0.000000 	 0.000000 	 0.000000 
( 5,  3) 	 0.000000 	 4.194045 	 5.943064 	 0.000000 
( 5,  4) 	 0.000000 	 3.716614 	 6.241563 	 0.778995 
( 5,  5) 	 0.000000 	 8.676831 	 1.169369 	 0.000000 
( 5,  6) 	 3.156134 	 10.957619 	 0.000000 	 1.022949 
( 5,  7) 	 0.000000 	 0.000000 	 0.000000 	 0.000000 
( 5,  8) 	 0.000000 	 0.000000 	 0.000000 	 0.000000 
( 5,  9) 	 0.000000 	 0.000000 	 -0.500000 	 -0.422530 
( 6,  0) 	 0.000000 	 0.000000 	 0.000000 	 0.000000 
( 6,  1) 	 0.000000 	 0.000000 	 0.000000 	 0.000000 
( 6,  2) 	 -0.358807 	 0.000000 	 0.174312 	 0.000000 
( 6,  3) 	 0.000000 	 9.864783 	 0.135671 	 0.000000 
( 6,  4) 	 4.969105 	 0.000000 	 -0.363994 	 0.000000 
( 6,  5) 	 0.000000 	 0.000000 	 0.000000 	 0.000000 
( 6,  6) 	 2.147748 	 9.707525 	 0.000000 	 -0.000000 
( 6,  7) 	 0.000000 	 0.000000 	 0.000000 	 0.000000 
( 6,  8) 	 0.000000 	 -0.000000 	 0.000000 	 0.000000 
( 6,  9) 	 -0.000000 	 -0.342249 	 -0.750000 	 -0.440060 
( 7,  0) 	 0.000000 	 0.000000 	 0.000000 	 0.000000 
( 7,  1) 	 0.000000 	 0.000000 	 0.000000 	 0.000000 
( 7,  2) 	 0.000000 	 0.000000 	 5.829137 	 0.000000 
( 7,  3) 	 -0.122406 	 7.975551 	 0.000000 	 0.000000 
( 7,  4) 	 0.000000 	 2.248456 	 0.000000 	 0.000000 
( 7,  5) 	 0.754585 	 0.000000 	 8.260236 	 0.000000 
( 7,  6) 	 0.000000 	 9.143923 	 -0.341580 	 0.000000 
( 7,  7) 	 0.000000 	 0.000000 	 0.000000 	 0.000000 
( 7,  8) 	 -0.500000 	 0.000000 	 -0.670721 	 0.000000 
( 7,  9) 	 -0.543284 	 -0.405000 	 -0.828050 	 -0.000000 
( 8,  0) 	 0.000000 	 0.000000 	 0.000000 	 0.000000 
( 8,  1) 	 0.000000 	 0.000000 	 6.540630 	 0.000000 
( 8,  2) 	 0.000000 	 1.078042 	 5.335334 	 0.000000 
( 8,  3) 	 0.000000 	 5.624239 	 0.000000 	 -0.000302 
( 8,  4) 	 0.000000 	 0.000000 	 0.000000 	 0.000000 
( 8,  5) 	 0.000000 	 -0.000000 	 0.000000 	 0.000000 
( 8,  6) 	 -0.000000 	 0.000000 	 0.000000 	 0.000000 
( 8,  7) 	 -0.000000 	 0.000000 	 0.000000 	 0.000000 
( 8,  8) 	 -0.000000 	 -0.000000 	 -0.405000 	 0.000000 
( 8,  9) 	 -0.000000 	 -0.000000 	 -0.500000 	 -0.405000 
( 9,  0) 	 0.000000 	 0.000000 	 0.000000 	 0.000000 
( 9,  1) 	 0.000000 	 0.000000 	 0.000000 	 0.000000 
( 9,  2) 	 0.000000 	 0.000000 	 0.000000 	 0.000000 
( 9,  3) 	 0.000000 	 -0.436705 	 0.000000 	 0.000000 
( 9,  4) 	 0.000000 	 0.000000 	 0.000000 	 0.000000 
( 9,  5) 	 0.000000 	 0.000000 	 0.000000 	 0.000000 
( 9,  6) 	 0.000000 	 0.000000 	 0.000000 	 0.000000 
( 9,  7) 	 0.000000 	 0.000000 	 0.000000 	 0.000000 
( 9,  8) 	 0.000000 	 -0.000000 	 0.000000 	 0.000000 
( 9,  9) 	 -0.000000 	 -0.000000 	 -0.500000 	 -0.500000 
