State 	 Left 	 Up 	 Right 	 Down 
( 0,  0) 	 0.000000 	 0.000000 	 0.000000 	 8.830408 
( 0,  1) 	 -0.432201 	 0.000000 	 -0.363994 	 0.000000 
( 0,  2) 	 0.000000 	 0.000000 	 0.000000 	 0.000000 
( 0,  3) 	 -0.512271 	 0.000000 	 0.136342 	 0.000000 
( 0,  4) 	 0.000000 	 0.000000 	 0.000000 	 2.206004 
( 0,  5) 	 0.000000 	 0.000000 	 12.317981 	 0.000000 
( 0,  6) 	 0.000000 	 0.000000 	 13.802196 	 0.000000 
( 0,  7) 	 0.000000 	 6.628284 	 17.891219 	 3.536567 
( 0,  8) 	 0.000000 	 7.768461 	 9.633808 	 13.361830 
( 0,  9) 	 4.186562 	 0.000000 	 0.000000 	 0.000000 
( 1,  0) 	 0.385708 	 -0.482447 	 9.844685 	 0.135335 
( 1,  1) 	 0.000000 	 0.000000 	 10.900450 	 0.000000 
( 1,  2) 	 0.000000 	 2.210201 	 10.286509 	 0.000000 
( 1,  3) 	 0.000000 	 0.000335 	 10.779519 	 0.000000 
( 1,  4) 	 0.000000 	 0.000000 	 11.050060 	 0.000000 
( 1,  5) 	 0.000000 	 8.790353 	 4.342501 	 0.000000 
( 1,  6) 	 0.000000 	 0.000000 	 0.000000 	 0.000000 
( 1,  7) 	 0.000000 	 14.536968 	 5.310931 	 3.249525 
( 1,  8) 	 0.000000 	 0.000000 	 0.000000 	 0.000000 
( 1,  9) 	 0.000000 	 0.000000 	 0.000000 	 0.000000 
( 2,  0) 	 0.000000 	 -0.570904 	 0.000000 	 0.000000 
( 2,  1) 	 0.000000 	 0.000000 	 0.000000 	 0.000000 
( 2,  2) 	 0.000000 	 0.000000 	 0.000000 	 0.000000 
( 2,  3) 	 0.000000 	 0.000000 	 0.000000 	 0.000000 
( 2,  4) 	 0.000000 	 0.000000 	 0.000000 	 0.000000 
( 2,  5) 	 0.000000 	 4.214019 	 0.000000 	 -0.000000 
( 2,  6) 	 0.000000 	 0.000000 	 0.000000 	 0.000000 
( 2,  7) 	 -0.500275 	 14.075237 	 4.972990 	 0.000000 
( 2,  8) 	 8.498938 	 4.255226 	 4.271917 	 3.427771 
( 2,  9) 	 0.000000 	 0.000000 	 -0.500000 	 0.000000 
( 3,  0) 	 0.000000 	 0.000000 	 0.000000 	 0.000000 
( 3,  1) 	 0.000000 	 0.000000 	 0.000000 	 0.000000 
( 3,  2) 	 0.000000 	 0.000000 	 0.000000 	 0.000000 
( 3,  3) 	 0.000000 	 0.000000 	 0.000000 	 0.000000 
( 3,  4) 	 0.000000 	 0.000000 	 0.000000 	 0.000000 
( 3,  5) 	 0.000000 	 2.321992 	 -0.000198 	 -0.000000 
( 3,  6) 	 -0.000000 	 4.422003 	 11.210045 	 0.000152 
( 3,  7) 	 0.000000 	 4.266146 	 12.338813 	 1.510725 
( 3,  8) 	 0.000000 	 12.819878 	 4.048949 	 2.055577 
( 3,  9) 	 -0.000000 	 0.000000 	 -0.500000 	 0.000000 
( 4,  0) 	 0.000000 	 0.000000 	 0.000000 	 0.000000 
( 4,  1) 	 0.000000 	 0.000000 	 0.000000 	 0.000000 
( 4,  2) 	 0.000000 	 0.000000 	 0.000000 	 0.000000 
( 4,  3) 	 0.000000 	 0.000000 	 0.000000 	 0.000000 
( 4,  4) 	 0.000000 	 0.000000 	 0.000000 	 0.000000 
( 4,  5) 	 -0.500000 	 0.405094 	 7.504768 	 0.000000 
( 4,  6) 	 -0.000334 	 15.446491 	 0.000000 	 -0.000000 
( 4,  7) 	 0.000000 	 0.000000 	 0.000000 	 0.000000 
( 4,  8) 	 0.000000 	 0.000000 	 0.000000 	 0.000000 
( 4,  9) 	 -0.500000 	 -0.000000 	 0.000000 	 0.000000 
( 5,  0) 	 0.000000 	 0.000000 	 0.000000 	 0.000000 
( 5,  1) 	 0.000000 	 0.000000 	 0.000000 	 0.000000 
( 5,  2) 	 0.000000 	 0.000000 	 0.000000 	 0.000000 
( 5,  3) 	 0.000000 	 0.000000 	 6.214917 	 0.000000 
( 5,  4) 	 0.000000 	 0.000000 	 6.784779 	 0.000000 
( 5,  5) 	 0.000000 	 7.403387 	 1.169369 	 0.000000 
( 5,  6) 	 -0.000000 	 12.537605 	 0.000000 	 1.022949 
( 5,  7) 	 0.000000 	 0.000000 	 0.000000 	 0.000000 
( 5,  8) 	 0.000000 	 0.000000 	 0.000000 	 0.000000 
( 5,  9) 	 0.000000 	 0.000000 	 -0.500000 	 -0.422530 
( 6,  0) 	 0.000000 	 0.000000 	 0.000000 	 0.000000 
( 6,  1) 	 0.000000 	 0.000000 	 0.000000 	 0.000000 
( 6,  2) 	 -0.358807 	 0.000000 	 0.174312 	 0.000000 
( 6,  3) 	 0.000000 	 5.723724 	 0.135671 	 0.000000 
( 6,  4) 	 1.731099 	 0.000000 	 -0.363994 	 0.000000 
( 6,  5) 	 0.000000 	 0.000000 	 0.000000 	 0.000000 
( 6,  6) 	 -0.500000 	 11.676603 	 0.000000 	 -0.000000 
( 6,  7) 	 0.000000 	 0.000000 	 0.000000 	 0.000000 
( 6,  8) 	 0.000000 	 -0.000000 	 0.000000 	 0.000000 
( 6,  9) 	 -0.000000 	 -0.342249 	 -0.750000 	 -0.440060 
( 7,  0) 	 0.000000 	 0.000000 	 0.000000 	 0.000000 
( 7,  1) 	 0.000000 	 0.000000 	 0.000000 	 0.000000 
( 7,  2) 	 0.000000 	 0.000000 	 0.143947 	 0.000000 
( 7,  3) 	 -0.122406 	 5.194502 	 0.000000 	 0.000000 
( 7,  4) 	 0.000000 	 0.000000 	 0.000000 	 0.000000 
( 7,  5) 	 0.000000 	 0.000000 	 9.670346 	 0.000000 
( 7,  6) 	 0.000000 	 10.383199 	 -0.341580 	 0.000000 
( 7,  7) 	 0.000000 	 0.000000 	 0.000000 	 0.000000 
( 7,  8) 	 -0.500000 	 0.000000 	 -0.670721 	 0.000000 
( 7,  9) 	 -0.543284 	 -0.405000 	 -0.828050 	 -0.000000 
( 8,  0) 	 0.000000 	 0.000000 	 0.000000 	 0.000000 
( 8,  1) 	 0.000000 	 0.000000 	 3.765839 	 0.000000 
( 8,  2) 	 0.000000 	 0.000000 	 4.080452 	 0.000000 
( 8,  3) 	 0.000000 	 4.492404 	 0.000000 	 -0.000302 
( 8,  4) 	 0.000000 	 0.000000 	 0.000000 	 0.000000 
( 8,  5) 	 0.000000 	 -0.000000 	 0.000000 	 0.000000 
( 8,  6) 	 -0.000000 	 0.000000 	 0.000000 	 0.000000 
( 8,  7) 	 -0.000000 	 0.000000 	 0.000000 	 0.000000 
( 8,  8) 	 -0.000000 	 -0.000000 	 -0.405000 	 0.000000 
( 8,  9) 	 -0.000000 	 -0.000000 	 -0.500000 	 -0.405000 
( 9,  0) 	 0.000000 	 0.000000 	 0.000000 	 0.000000 
( 9,  1) 	 0.000000 	 0.000000 	 0.000000 	 0.000000 
( 9,  2) 	 0.000000 	 0.000000 	 0.000000 	 0.000000 
( 9,  3) 	 0.000000 	 -0.436705 	 0.000000 	 0.000000 
( 9,  4) 	 0.000000 	 0.000000 	 0.000000 	 0.000000 
( 9,  5) 	 0.000000 	 0.000000 	 0.000000 	 0.000000 
( 9,  6) 	 0.000000 	 0.000000 	 0.000000 	 0.000000 
( 9,  7) 	 0.000000 	 0.000000 	 0.000000 	 0.000000 
( 9,  8) 	 0.000000 	 -0.000000 	 0.000000 	 0.000000 
( 9,  9) 	 -0.000000 	 -0.000000 	 -0.500000 	 -0.500000 
