State 	 Left 	 Up 	 Right 	 Down 
( 0,  0) 	 0.000000 	 -1.500000 	 0.000000 	 5.999930 
( 0,  1) 	 0.000000 	 0.000000 	 -0.621802 	 0.013265 
( 0,  2) 	 0.000000 	 0.000000 	 0.000000 	 0.000000 
( 0,  3) 	 0.000000 	 0.000000 	 0.000000 	 0.000000 
( 0,  4) 	 0.000000 	 0.000000 	 0.000000 	 0.000000 
( 0,  5) 	 0.000000 	 0.000000 	 1.000335 	 0.000000 
( 0,  6) 	 0.000000 	 0.000000 	 1.135335 	 0.000000 
( 0,  7) 	 0.000000 	 0.000000 	 1.135671 	 0.000000 
( 0,  8) 	 0.000000 	 0.000000 	 0.000000 	 5.878198 
( 0,  9) 	 0.000000 	 0.000000 	 0.000000 	 0.000000 
( 1,  0) 	 0.000000 	 0.044430 	 0.938344 	 4.764408 
( 1,  1) 	 0.000000 	 -0.121768 	 1.013232 	 0.136006 
( 1,  2) 	 0.000000 	 0.000000 	 1.135671 	 0.000000 
( 1,  3) 	 0.000000 	 0.000000 	 1.135671 	 0.000000 
( 1,  4) 	 0.000000 	 0.000000 	 1.135671 	 0.000000 
( 1,  5) 	 0.000000 	 1.000000 	 0.000000 	 0.000000 
( 1,  6) 	 0.000000 	 0.000000 	 0.000000 	 0.000000 
( 1,  7) 	 0.000000 	 0.000000 	 0.000000 	 0.000000 
( 1,  8) 	 0.000000 	 0.000000 	 0.000000 	 0.000000 
( 1,  9) 	 11.658815 	 0.000000 	 0.000000 	 3.789225 
( 2,  0) 	 0.362793 	 0.000000 	 0.000000 	 4.629812 
( 2,  1) 	 0.415847 	 0.000000 	 0.000000 	 0.000000 
( 2,  2) 	 0.000000 	 0.000000 	 0.000000 	 0.000000 
( 2,  3) 	 0.000000 	 0.000000 	 0.000000 	 0.000000 
( 2,  4) 	 0.000000 	 0.000000 	 0.000000 	 0.000000 
( 2,  5) 	 0.000000 	 0.000000 	 0.000000 	 0.000000 
( 2,  6) 	 0.000000 	 0.000000 	 0.000000 	 0.000000 
( 2,  7) 	 0.000000 	 0.000000 	 0.000000 	 0.000000 
( 2,  8) 	 0.000000 	 17.392837 	 0.000000 	 0.000000 
( 2,  9) 	 0.000000 	 12.051891 	 0.000000 	 0.000000 
( 3,  0) 	 0.000000 	 0.000000 	 0.000000 	 4.882886 
( 3,  1) 	 0.000000 	 0.000000 	 0.000000 	 0.000000 
( 3,  2) 	 0.000000 	 0.000000 	 0.000000 	 0.000000 
( 3,  3) 	 0.000000 	 0.000000 	 0.000000 	 0.000000 
( 3,  4) 	 0.000000 	 0.000000 	 0.000000 	 0.000000 
( 3,  5) 	 0.000000 	 0.000000 	 8.885177 	 0.000000 
( 3,  6) 	 0.000000 	 0.000000 	 17.477017 	 0.000000 
( 3,  7) 	 0.000000 	 0.000000 	 17.389878 	 0.000000 
( 3,  8) 	 0.000000 	 17.357965 	 0.000000 	 0.000000 
( 3,  9) 	 0.000000 	 11.482943 	 0.000000 	 0.000000 
( 4,  0) 	 0.000000 	 0.000000 	 0.000000 	 4.895108 
( 4,  1) 	 0.000000 	 0.000000 	 0.000000 	 0.000000 
( 4,  2) 	 0.000000 	 0.000000 	 0.000000 	 0.000000 
( 4,  3) 	 0.000000 	 0.000000 	 0.000000 	 0.000000 
( 4,  4) 	 0.000000 	 0.000000 	 0.000000 	 0.000000 
( 4,  5) 	 0.000000 	 8.232338 	 0.000000 	 0.000000 
( 4,  6) 	 0.000000 	 14.227863 	 0.000000 	 0.000000 
( 4,  7) 	 0.000000 	 0.000000 	 0.000000 	 0.000000 
( 4,  8) 	 0.000000 	 0.000000 	 0.000000 	 0.000000 
( 4,  9) 	 2.961086 	 9.658311 	 0.000000 	 3.286735 
( 5,  0) 	 0.000000 	 0.000000 	 5.208915 	 0.000000 
( 5,  1) 	 0.000000 	 0.000000 	 5.828069 	 0.000000 
( 5,  2) 	 0.000000 	 0.000000 	 6.216403 	 0.000000 
( 5,  3) 	 0.000000 	 0.000000 	 6.644943 	 0.000000 
( 5,  4) 	 0.000000 	 0.000000 	 6.850388 	 0.000000 
( 5,  5) 	 0.000000 	 7.644055 	 0.000000 	 0.000000 
( 5,  6) 	 0.000000 	 13.663065 	 0.000000 	 0.000000 
( 5,  7) 	 0.000000 	 0.000000 	 0.000000 	 0.000000 
( 5,  8) 	 0.000000 	 0.000000 	 0.000000 	 0.000000 
( 5,  9) 	 0.000000 	 9.825818 	 0.000000 	 0.000000 
( 6,  0) 	 0.000000 	 0.000000 	 0.000000 	 0.000000 
( 6,  1) 	 0.000000 	 0.000000 	 0.000000 	 0.000000 
( 6,  2) 	 0.000000 	 0.000000 	 0.000000 	 0.000000 
( 6,  3) 	 0.000000 	 0.000000 	 0.000000 	 0.000000 
( 6,  4) 	 0.000000 	 0.000000 	 0.000000 	 0.000000 
( 6,  5) 	 0.000000 	 0.000000 	 0.000000 	 0.000000 
( 6,  6) 	 0.000000 	 13.183484 	 0.000000 	 0.000000 
( 6,  7) 	 0.000000 	 0.000000 	 0.000000 	 0.000000 
( 6,  8) 	 0.000000 	 0.000000 	 8.270820 	 0.000000 
( 6,  9) 	 0.000000 	 9.109054 	 0.000000 	 0.000000 
( 7,  0) 	 0.000000 	 0.000000 	 0.000000 	 0.000000 
( 7,  1) 	 0.000000 	 0.000000 	 0.000000 	 0.000000 
( 7,  2) 	 0.000000 	 0.000000 	 4.460739 	 0.000000 
( 7,  3) 	 0.000000 	 0.000000 	 5.017825 	 0.000000 
( 7,  4) 	 0.000000 	 0.000000 	 5.582000 	 0.000000 
( 7,  5) 	 0.000000 	 0.000000 	 2.070552 	 5.477356 
( 7,  6) 	 0.000000 	 12.520238 	 0.000000 	 0.000000 
( 7,  7) 	 0.000000 	 0.000000 	 0.000000 	 0.000000 
( 7,  8) 	 0.000000 	 8.009127 	 0.819919 	 0.000000 
( 7,  9) 	 3.287052 	 0.000000 	 0.000000 	 -0.061354 
( 8,  0) 	 0.000000 	 0.000000 	 0.000000 	 0.000000 
( 8,  1) 	 0.000000 	 0.000000 	 1.587830 	 5.216452 
( 8,  2) 	 0.000000 	 4.202828 	 0.296011 	 0.000000 
( 8,  3) 	 0.704551 	 0.000000 	 0.000000 	 0.000000 
( 8,  4) 	 0.000000 	 0.000000 	 0.000000 	 0.000000 
( 8,  5) 	 0.000000 	 0.000000 	 0.000000 	 5.846338 
( 8,  6) 	 0.000000 	 2.619962 	 0.000000 	 1.466407 
( 8,  7) 	 0.000000 	 0.000000 	 0.000000 	 0.000000 
( 8,  8) 	 0.000000 	 8.500573 	 0.000671 	 0.000000 
( 8,  9) 	 0.000000 	 1.436763 	 0.000000 	 0.083349 
( 9,  0) 	 0.000000 	 0.000000 	 0.000000 	 0.000000 
( 9,  1) 	 0.000000 	 0.000000 	 5.204650 	 0.000000 
( 9,  2) 	 0.000000 	 3.549886 	 1.147997 	 0.000000 
( 9,  3) 	 0.000000 	 0.000000 	 1.136677 	 0.000000 
( 9,  4) 	 0.000000 	 -0.500302 	 2.644016 	 0.000000 
( 9,  5) 	 0.000000 	 0.000000 	 8.540213 	 0.000000 
( 9,  6) 	 0.000000 	 1.417035 	 7.212902 	 0.000000 
( 9,  7) 	 0.000000 	 0.000000 	 7.178735 	 0.000000 
( 9,  8) 	 0.000000 	 7.687437 	 0.000000 	 0.000000 
( 9,  9) 	 0.000000 	 0.313943 	 -0.499665 	 0.000000 
