State 	 Left 	 Up 	 Right 	 Down 
( 0,  0) 	 0.000000 	 0.000000 	 0.000000 	 1.745144 
( 0,  1) 	 0.000000 	 0.000000 	 0.000000 	 0.000000 
( 0,  2) 	 0.000000 	 0.000000 	 0.000000 	 0.000000 
( 0,  3) 	 0.000000 	 0.000000 	 0.000000 	 0.000000 
( 0,  4) 	 0.000000 	 0.000000 	 0.000000 	 0.000000 
( 0,  5) 	 0.000000 	 0.000000 	 0.000000 	 0.000000 
( 0,  6) 	 0.000000 	 0.000000 	 0.000000 	 0.000000 
( 0,  7) 	 0.000000 	 0.000000 	 0.000000 	 0.000000 
( 0,  8) 	 0.000000 	 0.000000 	 0.000000 	 5.000000 
( 0,  9) 	 4.050000 	 -0.500000 	 -0.500000 	 -0.000151 
( 1,  0) 	 0.000000 	 0.000000 	 0.000000 	 2.033922 
( 1,  1) 	 0.000000 	 0.000000 	 0.000000 	 0.000000 
( 1,  2) 	 0.000000 	 0.000000 	 0.000000 	 0.000000 
( 1,  3) 	 0.000000 	 0.000000 	 0.000000 	 0.000000 
( 1,  4) 	 0.000000 	 0.000000 	 0.000000 	 0.000000 
( 1,  5) 	 0.000000 	 0.000000 	 0.000000 	 0.000000 
( 1,  6) 	 0.000000 	 0.000000 	 0.000000 	 0.000000 
( 1,  7) 	 0.000000 	 0.000000 	 0.000000 	 0.000000 
( 1,  8) 	 0.000000 	 0.000000 	 0.000000 	 0.000000 
( 1,  9) 	 0.000000 	 3.281003 	 -0.500000 	 0.000000 
( 2,  0) 	 0.000000 	 0.000000 	 0.000000 	 2.099090 
( 2,  1) 	 0.000000 	 0.000000 	 0.000000 	 0.000000 
( 2,  2) 	 0.000000 	 0.000000 	 0.000000 	 0.000000 
( 2,  3) 	 0.000000 	 0.000000 	 0.000000 	 0.000000 
( 2,  4) 	 0.000000 	 0.000000 	 0.000000 	 0.000000 
( 2,  5) 	 0.000000 	 0.000000 	 0.000000 	 0.000000 
( 2,  6) 	 0.000000 	 0.000000 	 0.000000 	 0.000000 
( 2,  7) 	 0.000000 	 0.000000 	 0.000000 	 0.000000 
( 2,  8) 	 0.000000 	 9.141951 	 -0.121768 	 0.000000 
( 2,  9) 	 0.000000 	 0.135369 	 -0.500000 	 -0.122104 
( 3,  0) 	 0.000000 	 0.000000 	 0.000000 	 1.963441 
( 3,  1) 	 0.000000 	 0.000000 	 0.000000 	 0.000000 
( 3,  2) 	 0.000000 	 0.000000 	 0.000000 	 0.000000 
( 3,  3) 	 0.000000 	 0.000000 	 2.601715 	 0.000000 
( 3,  4) 	 0.000000 	 0.000000 	 3.159534 	 0.000000 
( 3,  5) 	 0.000000 	 0.000000 	 3.607728 	 0.000000 
( 3,  6) 	 -0.601362 	 0.000000 	 5.745805 	 -0.122406 
( 3,  7) 	 0.000000 	 0.000000 	 6.253220 	 0.000000 
( 3,  8) 	 0.000000 	 7.055655 	 0.000000 	 0.000000 
( 3,  9) 	 0.000000 	 0.135671 	 0.000000 	 0.088803 
( 4,  0) 	 0.000000 	 0.000000 	 2.066756 	 0.135671 
( 4,  1) 	 0.000000 	 0.000000 	 2.430956 	 0.000000 
( 4,  2) 	 0.000000 	 0.000000 	 2.373739 	 0.000000 
( 4,  3) 	 0.000000 	 2.198234 	 0.000000 	 0.000000 
( 4,  4) 	 0.000000 	 0.000000 	 0.000000 	 0.000000 
( 4,  5) 	 0.000000 	 0.000000 	 1.782314 	 0.000000 
( 4,  6) 	 1.327389 	 2.099642 	 0.000000 	 0.000000 
( 4,  7) 	 0.000000 	 0.000000 	 0.000000 	 0.000000 
( 4,  8) 	 0.000000 	 0.000000 	 0.000000 	 0.000000 
( 4,  9) 	 -0.500000 	 0.182087 	 -0.500000 	 -0.000000 
( 5,  0) 	 0.000000 	 -0.572240 	 0.000000 	 0.000000 
( 5,  1) 	 0.000000 	 0.000000 	 0.000000 	 0.000000 
( 5,  2) 	 0.000000 	 0.000000 	 0.000000 	 0.000000 
( 5,  3) 	 0.000000 	 -0.314801 	 0.000000 	 0.000000 
( 5,  4) 	 0.000000 	 0.000000 	 0.000000 	 0.000000 
( 5,  5) 	 0.000000 	 0.000000 	 0.000000 	 0.000000 
( 5,  6) 	 0.000000 	 0.000000 	 0.000000 	 0.000000 
( 5,  7) 	 0.000000 	 0.000000 	 0.000000 	 0.000000 
( 5,  8) 	 0.000000 	 0.000000 	 0.000000 	 0.000000 
( 5,  9) 	 0.000000 	 0.000000 	 0.000000 	 0.000000 
( 6,  0) 	 0.000000 	 0.000000 	 0.000000 	 0.000000 
( 6,  1) 	 0.000000 	 0.000000 	 0.000000 	 0.000000 
( 6,  2) 	 0.000000 	 0.000000 	 0.000000 	 0.000000 
( 6,  3) 	 0.000000 	 0.000000 	 0.000000 	 0.000000 
( 6,  4) 	 0.000000 	 0.000000 	 0.000000 	 0.000000 
( 6,  5) 	 0.000000 	 0.000000 	 0.000000 	 0.000000 
( 6,  6) 	 0.000000 	 0.000000 	 0.000000 	 0.000000 
( 6,  7) 	 0.000000 	 0.000000 	 0.000000 	 0.000000 
( 6,  8) 	 0.000000 	 0.000000 	 0.000000 	 0.000000 
( 6,  9) 	 0.000000 	 0.000000 	 0.000000 	 0.000000 
( 7,  0) 	 0.000000 	 0.000000 	 0.000000 	 0.000000 
( 7,  1) 	 0.000000 	 0.000000 	 0.000000 	 0.000000 
( 7,  2) 	 0.000000 	 0.000000 	 0.000000 	 0.000000 
( 7,  3) 	 0.000000 	 0.000000 	 0.000000 	 0.000000 
( 7,  4) 	 0.000000 	 0.000000 	 0.000000 	 0.000000 
( 7,  5) 	 0.000000 	 0.000000 	 0.000000 	 0.000000 
( 7,  6) 	 0.000000 	 0.000000 	 0.000000 	 0.000000 
( 7,  7) 	 0.000000 	 0.000000 	 0.000000 	 0.000000 
( 7,  8) 	 0.000000 	 0.000000 	 0.000000 	 0.000000 
( 7,  9) 	 0.000000 	 0.000000 	 0.000000 	 0.000000 
( 8,  0) 	 0.000000 	 0.000000 	 0.000000 	 0.000000 
( 8,  1) 	 0.000000 	 0.000000 	 0.000000 	 0.000000 
( 8,  2) 	 0.000000 	 0.000000 	 0.000000 	 0.000000 
( 8,  3) 	 0.000000 	 0.000000 	 0.000000 	 0.000000 
( 8,  4) 	 0.000000 	 0.000000 	 0.000000 	 0.000000 
( 8,  5) 	 0.000000 	 0.000000 	 0.000000 	 0.000000 
( 8,  6) 	 0.000000 	 0.000000 	 0.000000 	 0.000000 
( 8,  7) 	 0.000000 	 0.000000 	 0.000000 	 0.000000 
( 8,  8) 	 0.000000 	 0.000000 	 0.000000 	 0.000000 
( 8,  9) 	 0.000000 	 0.000000 	 0.000000 	 0.000000 
( 9,  0) 	 0.000000 	 0.000000 	 0.000000 	 0.000000 
( 9,  1) 	 0.000000 	 0.000000 	 0.000000 	 0.000000 
( 9,  2) 	 0.000000 	 0.000000 	 0.000000 	 0.000000 
( 9,  3) 	 0.000000 	 0.000000 	 0.000000 	 0.000000 
( 9,  4) 	 0.000000 	 0.000000 	 0.000000 	 0.000000 
( 9,  5) 	 0.000000 	 0.000000 	 0.000000 	 0.000000 
( 9,  6) 	 0.000000 	 0.000000 	 0.000000 	 0.000000 
( 9,  7) 	 0.000000 	 0.000000 	 0.000000 	 0.000000 
( 9,  8) 	 0.000000 	 0.000000 	 0.000000 	 0.000000 
( 9,  9) 	 0.000000 	 0.000000 	 0.000000 	 0.000000 
