State 	 Left 	 Up 	 Right 	 Down 
( 0,  0) 	 -1.007514 	 -0.060266 	 0.891463 	 10.913744 
( 0,  1) 	 0.000000 	 0.000000 	 0.000000 	 3.607340 
( 0,  2) 	 0.000000 	 0.000000 	 0.000000 	 0.000000 
( 0,  3) 	 0.000000 	 0.000000 	 0.000000 	 0.000000 
( 0,  4) 	 0.000000 	 -0.499966 	 0.000000 	 3.062325 
( 0,  5) 	 0.000000 	 0.000000 	 12.042047 	 4.537303 
( 0,  6) 	 3.110321 	 4.523755 	 13.001164 	 4.876303 
( 0,  7) 	 0.000000 	 0.000000 	 13.867480 	 5.557676 
( 0,  8) 	 0.000000 	 0.000000 	 5.905701 	 13.814496 
( 0,  9) 	 0.000000 	 0.000000 	 -0.486399 	 0.257814 
( 1,  0) 	 0.012043 	 3.331272 	 8.850236 	 2.768247 
( 1,  1) 	 0.000000 	 0.000000 	 10.272156 	 3.422352 
( 1,  2) 	 2.175995 	 0.000000 	 10.107779 	 3.272358 
( 1,  3) 	 0.000000 	 0.000000 	 10.573400 	 4.814238 
( 1,  4) 	 0.000000 	 0.135369 	 10.828735 	 3.898096 
( 1,  5) 	 0.000000 	 8.523564 	 5.617662 	 4.126451 
( 1,  6) 	 0.000000 	 0.000000 	 0.000000 	 0.000000 
( 1,  7) 	 0.000000 	 3.943026 	 14.249488 	 0.000000 
( 1,  8) 	 0.000000 	 0.000000 	 0.000000 	 0.000000 
( 1,  9) 	 4.756430 	 -0.130966 	 -0.498289 	 -0.182922 
( 2,  0) 	 0.000000 	 4.232688 	 0.000000 	 0.000000 
( 2,  1) 	 3.333933 	 0.000000 	 0.000000 	 0.000000 
( 2,  2) 	 0.000000 	 0.000000 	 0.000000 	 0.000000 
( 2,  3) 	 0.000000 	 3.295148 	 0.000000 	 0.000000 
( 2,  4) 	 0.000000 	 0.000000 	 0.000000 	 1.153945 
( 2,  5) 	 0.000000 	 0.000000 	 0.000000 	 0.000000 
( 2,  6) 	 0.000000 	 0.000000 	 0.000000 	 0.000000 
( 2,  7) 	 0.000000 	 11.509766 	 5.593923 	 0.000000 
( 2,  8) 	 0.000000 	 14.519951 	 7.045410 	 0.000000 
( 2,  9) 	 0.000000 	 4.463780 	 -0.324232 	 0.000000 
( 3,  0) 	 0.000000 	 0.000000 	 0.000000 	 0.000000 
( 3,  1) 	 0.000000 	 -0.000604 	 0.000000 	 0.000000 
( 3,  2) 	 0.000000 	 0.000000 	 0.000000 	 0.000000 
( 3,  3) 	 3.459228 	 0.000000 	 11.008231 	 1.921183 
( 3,  4) 	 0.000000 	 0.000369 	 11.403979 	 0.000000 
( 3,  5) 	 3.279501 	 0.000000 	 11.658799 	 0.000000 
( 3,  6) 	 0.000000 	 0.000000 	 12.028026 	 0.000000 
( 3,  7) 	 0.000000 	 10.683470 	 5.398652 	 0.000000 
( 3,  8) 	 0.000000 	 13.242035 	 8.994267 	 0.000000 
( 3,  9) 	 9.280979 	 5.222120 	 8.540690 	 0.000000 
( 4,  0) 	 0.000000 	 0.000000 	 0.000000 	 0.000000 
( 4,  1) 	 0.000000 	 0.000369 	 0.000000 	 0.000000 
( 4,  2) 	 -0.121802 	 0.000000 	 11.601553 	 0.000000 
( 4,  3) 	 0.000000 	 9.709986 	 3.522721 	 0.000000 
( 4,  4) 	 0.000000 	 0.000000 	 0.000000 	 0.000000 
( 4,  5) 	 0.000000 	 0.000000 	 0.000000 	 0.000000 
( 4,  6) 	 0.000000 	 0.000000 	 0.000000 	 0.000000 
( 4,  7) 	 0.000000 	 0.000000 	 0.000000 	 0.000000 
( 4,  8) 	 0.000000 	 0.000000 	 0.000000 	 0.000000 
( 4,  9) 	 0.000000 	 8.443706 	 8.193573 	 2.609081 
( 5,  0) 	 0.000000 	 0.000000 	 0.000000 	 0.000000 
( 5,  1) 	 0.000000 	 0.000000 	 0.000000 	 0.000000 
( 5,  2) 	 0.000000 	 8.644496 	 3.216893 	 0.000000 
( 5,  3) 	 0.000000 	 0.000000 	 0.000000 	 0.000000 
( 5,  4) 	 0.000000 	 0.000000 	 0.000000 	 0.000000 
( 5,  5) 	 0.000000 	 0.000000 	 0.000000 	 0.000000 
( 5,  6) 	 0.000000 	 0.000000 	 0.000000 	 0.000000 
( 5,  7) 	 0.000000 	 0.000000 	 0.000000 	 0.448254 
( 5,  8) 	 0.000000 	 0.000000 	 0.000000 	 1.870470 
( 5,  9) 	 0.000000 	 8.548365 	 8.984619 	 0.000000 
( 6,  0) 	 0.000000 	 0.000000 	 0.000000 	 0.000000 
( 6,  1) 	 0.000000 	 0.000000 	 0.000000 	 0.000000 
( 6,  2) 	 0.000000 	 8.292605 	 2.978161 	 0.000000 
( 6,  3) 	 0.000000 	 0.000000 	 0.000000 	 0.000000 
( 6,  4) 	 0.000000 	 0.000000 	 0.000000 	 0.000000 
( 6,  5) 	 0.000000 	 0.000000 	 0.000000 	 0.000000 
( 6,  6) 	 0.000000 	 0.000000 	 10.367647 	 0.000000 
( 6,  7) 	 0.000000 	 0.000369 	 10.617210 	 0.000000 
( 6,  8) 	 0.000000 	 0.461239 	 9.115461 	 6.428638 
( 6,  9) 	 0.000000 	 8.388003 	 8.841581 	 0.000000 
( 7,  0) 	 0.000000 	 0.000000 	 0.000000 	 0.000000 
( 7,  1) 	 0.000000 	 0.000000 	 0.000000 	 0.000000 
( 7,  2) 	 0.000000 	 7.714852 	 2.778056 	 0.000000 
( 7,  3) 	 0.000000 	 0.000000 	 0.000000 	 0.000000 
( 7,  4) 	 0.000000 	 0.000000 	 1.312999 	 0.000000 
( 7,  5) 	 0.000335 	 0.152521 	 9.123160 	 0.000000 
( 7,  6) 	 0.000000 	 5.025769 	 4.919074 	 1.225015 
( 7,  7) 	 0.000000 	 0.000000 	 0.000000 	 0.000000 
( 7,  8) 	 0.000000 	 0.000000 	 15.689096 	 0.000000 
( 7,  9) 	 0.000000 	 12.973992 	 8.267315 	 0.000000 
( 8,  0) 	 0.000000 	 0.000000 	 0.000000 	 0.000000 
( 8,  1) 	 0.000000 	 0.000000 	 9.000200 	 1.000000 
( 8,  2) 	 0.000000 	 6.911863 	 2.941955 	 0.000000 
( 8,  3) 	 1.288629 	 0.000000 	 0.000000 	 0.000000 
( 8,  4) 	 0.000000 	 0.000000 	 0.000000 	 0.000000 
( 8,  5) 	 0.000000 	 0.000000 	 0.630524 	 0.000000 
( 8,  6) 	 1.388923 	 2.720697 	 0.000000 	 0.000000 
( 8,  7) 	 0.000000 	 0.000000 	 0.000000 	 0.000000 
( 8,  8) 	 0.000000 	 0.000000 	 0.000000 	 0.000000 
( 8,  9) 	 0.000000 	 3.598363 	 0.000000 	 0.000000 
( 9,  0) 	 0.000000 	 0.000000 	 0.000000 	 0.000000 
( 9,  1) 	 0.000000 	 0.000000 	 2.953741 	 0.000000 
( 9,  2) 	 1.962116 	 0.000000 	 1.149204 	 0.000000 
( 9,  3) 	 0.000000 	 0.000000 	 1.013601 	 0.000000 
( 9,  4) 	 0.000000 	 0.000000 	 1.136006 	 0.000000 
( 9,  5) 	 0.000000 	 0.000000 	 1.149875 	 0.000000 
( 9,  6) 	 0.000000 	 0.000000 	 1.136040 	 0.000000 
( 9,  7) 	 0.000000 	 0.000000 	 1.012963 	 0.000000 
( 9,  8) 	 0.000000 	 0.000000 	 1.013936 	 0.000000 
( 9,  9) 	 0.000000 	 0.877326 	 0.000000 	 0.000000 
