State 	 Left 	 Up 	 Right 	 Down 
( 0,  0) 	 0.000000 	 0.000000 	 2.645725 	 7.010701 
( 0,  1) 	 0.000000 	 0.000000 	 0.000000 	 7.327617 
( 0,  2) 	 0.000000 	 0.000000 	 0.000000 	 0.000000 
( 0,  3) 	 0.000000 	 0.000000 	 10.753794 	 -0.482583 
( 0,  4) 	 0.000000 	 0.000000 	 11.383536 	 0.000000 
( 0,  5) 	 0.000000 	 0.000000 	 12.075526 	 0.000000 
( 0,  6) 	 0.000000 	 0.000000 	 12.844983 	 0.000000 
( 0,  7) 	 0.000000 	 0.000000 	 13.431105 	 0.000000 
( 0,  8) 	 0.000000 	 0.000000 	 6.149540 	 11.663487 
( 0,  9) 	 4.516917 	 0.000000 	 -0.486399 	 0.000000 
( 1,  0) 	 0.000000 	 0.000000 	 8.304420 	 0.000000 
( 1,  1) 	 1.810318 	 0.000000 	 12.612814 	 0.000000 
( 1,  2) 	 0.000000 	 1.696592 	 11.948500 	 0.000000 
( 1,  3) 	 2.207060 	 7.109815 	 4.350877 	 0.000000 
( 1,  4) 	 0.000000 	 0.000000 	 0.000000 	 0.998641 
( 1,  5) 	 0.000000 	 0.000000 	 -0.363994 	 0.000000 
( 1,  6) 	 0.000000 	 0.000000 	 0.000000 	 0.000000 
( 1,  7) 	 0.000000 	 0.000000 	 0.000000 	 0.000000 
( 1,  8) 	 0.000000 	 0.000000 	 0.000000 	 0.000000 
( 1,  9) 	 11.267292 	 9.827241 	 0.000000 	 0.000000 
( 2,  0) 	 0.000000 	 0.000000 	 0.271982 	 0.000335 
( 2,  1) 	 0.000790 	 0.000000 	 -0.314678 	 0.000000 
( 2,  2) 	 0.000000 	 0.000000 	 0.000000 	 0.000000 
( 2,  3) 	 -0.500000 	 0.000000 	 0.001287 	 0.000223 
( 2,  4) 	 0.000027 	 0.000000 	 0.000336 	 1.012024 
( 2,  5) 	 -0.000156 	 -0.417241 	 -0.499665 	 0.080624 
( 2,  6) 	 0.000000 	 0.000000 	 0.000000 	 0.000000 
( 2,  7) 	 0.000000 	 0.000000 	 0.000000 	 0.000000 
( 2,  8) 	 0.000000 	 14.053912 	 0.000000 	 0.000000 
( 2,  9) 	 0.000000 	 17.061029 	 2.288060 	 0.000000 
( 3,  0) 	 0.000000 	 0.000000 	 0.000000 	 0.000000 
( 3,  1) 	 0.000000 	 -0.000000 	 -0.499665 	 0.000000 
( 3,  2) 	 0.000000 	 0.000000 	 0.000000 	 0.000000 
( 3,  3) 	 -0.500000 	 0.000275 	 0.000000 	 -0.000000 
( 3,  4) 	 0.000000 	 0.000000 	 3.785147 	 0.000000 
( 3,  5) 	 0.000000 	 3.712289 	 10.978242 	 0.912742 
( 3,  6) 	 1.095995 	 10.616096 	 9.389184 	 3.875875 
( 3,  7) 	 0.000000 	 11.286069 	 9.930474 	 0.000000 
( 3,  8) 	 0.000000 	 17.914190 	 7.183976 	 0.000000 
( 3,  9) 	 0.000000 	 16.966173 	 0.000000 	 0.000000 
( 4,  0) 	 -0.500000 	 0.000000 	 0.000000 	 0.000000 
( 4,  1) 	 0.000000 	 -0.404728 	 0.000000 	 0.000000 
( 4,  2) 	 -0.000000 	 -0.500000 	 0.000000 	 0.000000 
( 4,  3) 	 -0.405000 	 0.000000 	 -0.500000 	 0.000000 
( 4,  4) 	 0.000000 	 0.000000 	 0.000000 	 0.000000 
( 4,  5) 	 0.000000 	 10.654052 	 -0.006751 	 0.844555 
( 4,  6) 	 -0.000000 	 12.489192 	 -0.750000 	 0.378303 
( 4,  7) 	 0.000000 	 0.000000 	 0.000000 	 0.000000 
( 4,  8) 	 0.000000 	 0.000000 	 0.000000 	 0.000000 
( 4,  9) 	 0.000000 	 11.324215 	 0.000000 	 0.000000 
( 5,  0) 	 0.000000 	 0.000000 	 0.000000 	 0.000000 
( 5,  1) 	 0.000000 	 -0.000000 	 0.000000 	 0.000000 
( 5,  2) 	 0.000000 	 2.332555 	 5.814367 	 0.000000 
( 5,  3) 	 -0.000000 	 2.818863 	 6.512915 	 0.000000 
( 5,  4) 	 0.000000 	 3.028899 	 6.738384 	 0.000000 
( 5,  5) 	 -0.000000 	 10.108234 	 0.207297 	 0.000000 
( 5,  6) 	 -0.140705 	 5.235352 	 4.549660 	 0.000000 
( 5,  7) 	 0.734728 	 -0.499933 	 1.271677 	 1.796486 
( 5,  8) 	 0.000000 	 0.000000 	 4.602291 	 0.000000 
( 5,  9) 	 0.748678 	 10.220515 	 0.000000 	 0.000000 
( 6,  0) 	 0.000000 	 0.000000 	 0.000000 	 0.000000 
( 6,  1) 	 0.000000 	 0.000000 	 0.000000 	 0.000000 
( 6,  2) 	 0.756651 	 7.986726 	 0.000000 	 0.000000 
( 6,  3) 	 0.000000 	 0.000000 	 0.135100 	 -0.122406 
( 6,  4) 	 -0.099149 	 2.060502 	 -0.364229 	 0.000000 
( 6,  5) 	 0.000000 	 0.000000 	 0.000000 	 0.000000 
( 6,  6) 	 0.000000 	 2.820001 	 7.210512 	 1.966162 
( 6,  7) 	 0.000000 	 0.000000 	 7.781889 	 0.000000 
( 6,  8) 	 0.000000 	 0.000000 	 8.054770 	 0.000000 
( 6,  9) 	 0.000000 	 8.642049 	 0.000000 	 0.000000 
( 7,  0) 	 0.000000 	 0.000000 	 0.000000 	 0.000000 
( 7,  1) 	 0.000000 	 0.000000 	 0.000000 	 0.000000 
( 7,  2) 	 0.000000 	 8.050998 	 0.000000 	 0.000000 
( 7,  3) 	 0.000000 	 0.013601 	 -0.242899 	 0.000000 
( 7,  4) 	 -0.197654 	 -0.080210 	 0.000000 	 -0.500000 
( 7,  5) 	 0.000000 	 0.000000 	 11.370287 	 0.000000 
( 7,  6) 	 0.000000 	 11.337341 	 0.000000 	 0.000000 
( 7,  7) 	 0.000000 	 0.000000 	 0.000000 	 0.000000 
( 7,  8) 	 0.000000 	 0.000000 	 0.000000 	 0.000000 
( 7,  9) 	 0.000000 	 0.000000 	 0.000000 	 0.000000 
( 8,  0) 	 0.000000 	 0.000000 	 0.000000 	 0.000000 
( 8,  1) 	 0.000000 	 0.000000 	 6.532276 	 0.000000 
( 8,  2) 	 1.033314 	 7.227442 	 0.135335 	 0.000000 
( 8,  3) 	 0.689929 	 0.000000 	 0.000000 	 0.000000 
( 8,  4) 	 0.000000 	 0.000000 	 0.000000 	 0.000000 
( 8,  5) 	 0.000000 	 0.000000 	 0.000000 	 0.000000 
( 8,  6) 	 0.000000 	 0.000000 	 0.000000 	 0.000000 
( 8,  7) 	 0.000000 	 0.000000 	 0.000000 	 0.000000 
( 8,  8) 	 0.000000 	 0.000000 	 0.000000 	 0.000000 
( 8,  9) 	 0.000000 	 0.000000 	 0.000000 	 0.000000 
( 9,  0) 	 0.000000 	 0.000000 	 0.000000 	 0.000000 
( 9,  1) 	 0.000000 	 0.000000 	 0.000000 	 0.000000 
( 9,  2) 	 0.000000 	 0.000000 	 0.000000 	 0.000000 
( 9,  3) 	 0.000000 	 0.000000 	 0.000000 	 0.000000 
( 9,  4) 	 0.000000 	 0.000000 	 0.000000 	 0.000000 
( 9,  5) 	 0.000000 	 0.000000 	 0.000000 	 0.000000 
( 9,  6) 	 0.000000 	 0.000000 	 0.000000 	 0.000000 
( 9,  7) 	 0.000000 	 0.000000 	 0.000000 	 0.000000 
( 9,  8) 	 0.000000 	 0.000000 	 0.000000 	 0.000000 
( 9,  9) 	 0.000000 	 0.000000 	 0.000000 	 0.000000 
