State 	 Left 	 Up 	 Right 	 Down 
( 0,  0) 	 0.000000 	 0.000000 	 0.000000 	 4.039466 
( 0,  1) 	 0.000000 	 0.000000 	 0.000000 	 0.000000 
( 0,  2) 	 0.000000 	 0.000000 	 0.000000 	 0.000000 
( 0,  3) 	 0.000000 	 0.000000 	 6.850096 	 -0.482583 
( 0,  4) 	 0.000000 	 0.000000 	 7.852678 	 0.000000 
( 0,  5) 	 0.000000 	 0.000000 	 8.691976 	 0.000000 
( 0,  6) 	 0.000000 	 0.000000 	 9.632910 	 0.000000 
( 0,  7) 	 0.000000 	 0.000000 	 10.444991 	 0.000000 
( 0,  8) 	 0.000000 	 0.000000 	 0.000000 	 11.556109 
( 0,  9) 	 0.000000 	 0.000000 	 0.000000 	 0.000000 
( 1,  0) 	 0.000000 	 0.000000 	 4.679813 	 0.000000 
( 1,  1) 	 0.000000 	 0.000000 	 5.381710 	 0.000000 
( 1,  2) 	 0.000000 	 0.000000 	 5.617219 	 0.000000 
( 1,  3) 	 0.000000 	 5.916177 	 0.000000 	 0.000000 
( 1,  4) 	 0.000000 	 0.000000 	 0.000000 	 0.000000 
( 1,  5) 	 0.000000 	 0.000000 	 -0.363994 	 0.000000 
( 1,  6) 	 0.000000 	 0.000000 	 0.000000 	 0.000000 
( 1,  7) 	 0.000000 	 0.000000 	 0.000000 	 0.000000 
( 1,  8) 	 0.000000 	 0.000000 	 0.000000 	 0.000000 
( 1,  9) 	 11.840819 	 0.000000 	 0.000000 	 0.000000 
( 2,  0) 	 0.000000 	 0.000000 	 0.271982 	 0.000335 
( 2,  1) 	 0.000790 	 0.000000 	 -0.314678 	 0.000000 
( 2,  2) 	 0.000000 	 0.000000 	 0.000000 	 0.000000 
( 2,  3) 	 -0.500000 	 0.000000 	 0.001287 	 0.000223 
( 2,  4) 	 0.000027 	 0.000000 	 0.000336 	 0.000000 
( 2,  5) 	 -0.000156 	 -0.417241 	 -0.499665 	 0.080624 
( 2,  6) 	 0.000000 	 0.000000 	 0.000000 	 0.000000 
( 2,  7) 	 0.000000 	 0.000000 	 0.000000 	 0.000000 
( 2,  8) 	 0.000000 	 6.148600 	 0.000000 	 0.000000 
( 2,  9) 	 0.000000 	 11.369058 	 2.288060 	 0.000000 
( 3,  0) 	 0.000000 	 0.000000 	 0.000000 	 0.000000 
( 3,  1) 	 0.000000 	 -0.000000 	 -0.499665 	 0.000000 
( 3,  2) 	 0.000000 	 0.000000 	 0.000000 	 0.000000 
( 3,  3) 	 -0.500000 	 0.000275 	 0.000000 	 -0.000000 
( 3,  4) 	 0.000000 	 0.000000 	 0.000000 	 0.000000 
( 3,  5) 	 0.000000 	 -0.167418 	 5.595359 	 0.912742 
( 3,  6) 	 1.095995 	 0.000000 	 6.801038 	 0.000000 
( 3,  7) 	 0.000000 	 0.000000 	 7.351597 	 0.000000 
( 3,  8) 	 0.000000 	 1.135704 	 6.487462 	 0.000000 
( 3,  9) 	 0.000000 	 10.747320 	 0.000000 	 0.000000 
( 4,  0) 	 -0.500000 	 0.000000 	 0.000000 	 0.000000 
( 4,  1) 	 0.000000 	 -0.404728 	 0.000000 	 0.000000 
( 4,  2) 	 -0.000000 	 -0.500000 	 0.000000 	 0.000000 
( 4,  3) 	 -0.405000 	 0.000000 	 -0.500000 	 0.000000 
( 4,  4) 	 0.000000 	 0.000000 	 0.000000 	 0.000000 
( 4,  5) 	 0.000000 	 4.974536 	 -0.006751 	 0.844555 
( 4,  6) 	 -0.000000 	 1.469146 	 -0.750000 	 -0.164025 
( 4,  7) 	 0.000000 	 0.000000 	 0.000000 	 0.000000 
( 4,  8) 	 0.000000 	 0.000000 	 0.000000 	 0.000000 
( 4,  9) 	 0.000000 	 9.498978 	 0.000000 	 0.000000 
( 5,  0) 	 0.000000 	 0.000000 	 0.000000 	 0.000000 
( 5,  1) 	 0.000000 	 -0.000000 	 0.000000 	 0.000000 
( 5,  2) 	 0.000000 	 0.000000 	 3.994780 	 0.000000 
( 5,  3) 	 -0.000000 	 0.000000 	 4.461294 	 0.000000 
( 5,  4) 	 0.000000 	 0.000000 	 4.443755 	 0.000000 
( 5,  5) 	 -0.000000 	 4.608652 	 0.207297 	 0.000000 
( 5,  6) 	 -0.140705 	 -0.202500 	 -0.391311 	 0.000000 
( 5,  7) 	 0.000000 	 -0.499933 	 0.000000 	 1.796486 
( 5,  8) 	 0.000000 	 0.000000 	 0.000000 	 0.000000 
( 5,  9) 	 0.000000 	 8.718897 	 0.000000 	 0.000000 
( 6,  0) 	 0.000000 	 0.000000 	 0.000000 	 0.000000 
( 6,  1) 	 0.000000 	 0.000000 	 0.000000 	 0.000000 
( 6,  2) 	 0.000000 	 3.643827 	 0.000000 	 0.000000 
( 6,  3) 	 0.000000 	 0.000000 	 0.000000 	 0.000000 
( 6,  4) 	 0.000000 	 0.000000 	 0.000000 	 0.000000 
( 6,  5) 	 0.000000 	 0.000000 	 0.000000 	 0.000000 
( 6,  6) 	 0.000000 	 0.000000 	 5.744120 	 0.022848 
( 6,  7) 	 0.000000 	 0.000000 	 6.807707 	 0.000000 
( 6,  8) 	 0.000000 	 0.000000 	 7.110829 	 0.000000 
( 6,  9) 	 0.000000 	 7.744069 	 0.000000 	 0.000000 
( 7,  0) 	 0.000000 	 0.000000 	 0.000000 	 0.000000 
( 7,  1) 	 0.000000 	 0.000000 	 0.000000 	 0.000000 
( 7,  2) 	 0.000000 	 3.676515 	 0.000000 	 0.000000 
( 7,  3) 	 0.000000 	 0.000000 	 0.000000 	 0.000000 
( 7,  4) 	 0.000000 	 0.000000 	 0.000000 	 0.000000 
( 7,  5) 	 0.000000 	 0.000000 	 4.514661 	 0.000000 
( 7,  6) 	 0.000000 	 5.018864 	 0.000000 	 0.000000 
( 7,  7) 	 0.000000 	 0.000000 	 0.000000 	 0.000000 
( 7,  8) 	 0.000000 	 0.000000 	 0.000000 	 0.000000 
( 7,  9) 	 0.000000 	 0.000000 	 0.000000 	 0.000000 
( 8,  0) 	 0.000000 	 0.000000 	 0.000000 	 0.000000 
( 8,  1) 	 0.000000 	 0.000000 	 2.782321 	 0.000000 
( 8,  2) 	 0.000000 	 3.206309 	 0.000000 	 0.000000 
( 8,  3) 	 0.000000 	 0.000000 	 0.000000 	 0.000000 
( 8,  4) 	 0.000000 	 0.000000 	 0.000000 	 0.000000 
( 8,  5) 	 0.000000 	 0.000000 	 0.000000 	 0.000000 
( 8,  6) 	 0.000000 	 0.000000 	 0.000000 	 0.000000 
( 8,  7) 	 0.000000 	 0.000000 	 0.000000 	 0.000000 
( 8,  8) 	 0.000000 	 0.000000 	 0.000000 	 0.000000 
( 8,  9) 	 0.000000 	 0.000000 	 0.000000 	 0.000000 
( 9,  0) 	 0.000000 	 0.000000 	 0.000000 	 0.000000 
( 9,  1) 	 0.000000 	 0.000000 	 0.000000 	 0.000000 
( 9,  2) 	 0.000000 	 0.000000 	 0.000000 	 0.000000 
( 9,  3) 	 0.000000 	 0.000000 	 0.000000 	 0.000000 
( 9,  4) 	 0.000000 	 0.000000 	 0.000000 	 0.000000 
( 9,  5) 	 0.000000 	 0.000000 	 0.000000 	 0.000000 
( 9,  6) 	 0.000000 	 0.000000 	 0.000000 	 0.000000 
( 9,  7) 	 0.000000 	 0.000000 	 0.000000 	 0.000000 
( 9,  8) 	 0.000000 	 0.000000 	 0.000000 	 0.000000 
( 9,  9) 	 0.000000 	 0.000000 	 0.000000 	 0.000000 
