State 	 Left 	 Up 	 Right 	 Down 
( 0,  0) 	 -0.950000 	 0.000000 	 0.000000 	 7.426654 
( 0,  1) 	 0.000000 	 0.000000 	 0.000000 	 0.000000 
( 0,  2) 	 0.000000 	 0.000000 	 0.000000 	 0.000000 
( 0,  3) 	 1.686833 	 0.000000 	 7.990690 	 0.000000 
( 0,  4) 	 0.000000 	 0.000000 	 8.908450 	 0.000000 
( 0,  5) 	 0.000000 	 0.000000 	 9.629818 	 0.000000 
( 0,  6) 	 2.494856 	 0.000000 	 10.411465 	 0.000000 
( 0,  7) 	 0.000000 	 0.000000 	 11.027320 	 0.000000 
( 0,  8) 	 0.000000 	 0.000000 	 0.000000 	 11.748331 
( 0,  9) 	 4.930994 	 -0.620460 	 0.000000 	 0.000000 
( 1,  0) 	 0.000000 	 0.000000 	 8.317437 	 0.000000 
( 1,  1) 	 0.000000 	 0.000000 	 9.257378 	 0.000000 
( 1,  2) 	 0.000000 	 0.000000 	 9.178278 	 0.000000 
( 1,  3) 	 0.000000 	 7.163230 	 0.271342 	 0.878198 
( 1,  4) 	 0.000000 	 0.000000 	 0.136342 	 0.000000 
( 1,  5) 	 0.000000 	 1.823966 	 0.000000 	 -0.000000 
( 1,  6) 	 0.000000 	 0.000000 	 0.000000 	 0.000000 
( 1,  7) 	 0.000000 	 0.000000 	 0.000000 	 0.000000 
( 1,  8) 	 0.000000 	 0.000000 	 0.000000 	 0.000000 
( 1,  9) 	 17.281374 	 0.542717 	 3.901345 	 0.000000 
( 2,  0) 	 0.000000 	 0.000000 	 0.000000 	 0.000000 
( 2,  1) 	 0.000000 	 0.000000 	 0.000000 	 0.000000 
( 2,  2) 	 0.000000 	 0.000000 	 0.000000 	 0.000000 
( 2,  3) 	 0.000000 	 0.000000 	 1.000705 	 0.000000 
( 2,  4) 	 0.000000 	 0.000000 	 0.000000 	 0.878534 
( 2,  5) 	 0.000000 	 -0.000302 	 -0.499665 	 0.000000 
( 2,  6) 	 0.000000 	 0.000000 	 0.000000 	 0.000000 
( 2,  7) 	 0.000000 	 0.000000 	 0.000000 	 0.000000 
( 2,  8) 	 0.000000 	 6.284875 	 0.000000 	 0.000000 
( 2,  9) 	 0.000000 	 18.280205 	 3.287676 	 0.000000 
( 3,  0) 	 0.000000 	 0.000000 	 0.000000 	 0.000000 
( 3,  1) 	 0.000000 	 0.000000 	 0.000000 	 0.000000 
( 3,  2) 	 0.000000 	 0.000000 	 0.000000 	 0.000000 
( 3,  3) 	 0.000000 	 0.000000 	 0.000000 	 0.000000 
( 3,  4) 	 0.000000 	 0.000000 	 1.000335 	 0.000000 
( 3,  5) 	 0.000000 	 0.000000 	 1.013232 	 0.000000 
( 3,  6) 	 0.000000 	 0.000000 	 1.135671 	 0.000000 
( 3,  7) 	 0.000000 	 0.000000 	 1.135671 	 0.000000 
( 3,  8) 	 0.000000 	 0.906003 	 0.000000 	 0.000000 
( 3,  9) 	 0.000000 	 18.495391 	 0.000000 	 0.000000 
( 4,  0) 	 0.000000 	 0.000000 	 0.000000 	 0.000000 
( 4,  1) 	 0.000000 	 0.000000 	 0.000000 	 0.000000 
( 4,  2) 	 0.000000 	 0.000000 	 0.000000 	 0.000000 
( 4,  3) 	 0.000000 	 0.000000 	 0.000000 	 0.000000 
( 4,  4) 	 0.000000 	 0.000000 	 0.000000 	 0.000000 
( 4,  5) 	 0.000000 	 0.000000 	 0.000000 	 0.000000 
( 4,  6) 	 0.000000 	 0.000000 	 0.000000 	 0.000000 
( 4,  7) 	 0.000000 	 0.000000 	 0.000000 	 0.000000 
( 4,  8) 	 0.000000 	 0.000000 	 0.000000 	 0.000000 
( 4,  9) 	 3.450341 	 17.469626 	 0.000000 	 0.000000 
( 5,  0) 	 0.000000 	 0.000000 	 0.000000 	 0.000000 
( 5,  1) 	 0.000000 	 0.000000 	 0.000000 	 0.000000 
( 5,  2) 	 0.000000 	 0.000000 	 0.000000 	 0.000000 
( 5,  3) 	 0.000000 	 0.000000 	 0.000000 	 0.000000 
( 5,  4) 	 0.000000 	 0.000000 	 0.000000 	 0.000000 
( 5,  5) 	 0.000000 	 0.000000 	 0.000000 	 0.000000 
( 5,  6) 	 0.000000 	 0.000000 	 1.270469 	 0.000000 
( 5,  7) 	 0.000000 	 0.000000 	 0.000000 	 3.554385 
( 5,  8) 	 0.000000 	 0.000000 	 0.000000 	 0.000000 
( 5,  9) 	 0.000000 	 17.224971 	 0.127414 	 0.000000 
( 6,  0) 	 0.000000 	 0.000000 	 0.000000 	 0.000000 
( 6,  1) 	 0.000000 	 0.000000 	 0.000000 	 0.000000 
( 6,  2) 	 0.000000 	 0.000000 	 0.000000 	 0.000000 
( 6,  3) 	 0.000000 	 0.000000 	 0.876991 	 0.000000 
( 6,  4) 	 0.000000 	 0.000000 	 0.000000 	 0.755793 
( 6,  5) 	 0.000000 	 0.000000 	 0.000000 	 0.000000 
( 6,  6) 	 0.000000 	 1.161497 	 9.606730 	 0.000000 
( 6,  7) 	 0.000000 	 0.000000 	 12.486704 	 0.000000 
( 6,  8) 	 0.000000 	 0.000000 	 10.935296 	 1.000335 
( 6,  9) 	 0.000000 	 16.121946 	 0.000000 	 0.000000 
( 7,  0) 	 0.000000 	 0.000000 	 0.000000 	 0.000000 
( 7,  1) 	 0.000000 	 0.000000 	 0.000000 	 0.000000 
( 7,  2) 	 0.000000 	 0.000000 	 0.000000 	 0.000000 
( 7,  3) 	 0.000000 	 1.135335 	 0.000000 	 0.000000 
( 7,  4) 	 0.000000 	 0.000000 	 2.980784 	 0.000000 
( 7,  5) 	 0.000000 	 -0.814967 	 10.793274 	 0.000000 
( 7,  6) 	 0.000000 	 10.485850 	 0.000000 	 0.000000 
( 7,  7) 	 0.000000 	 0.000000 	 0.000000 	 0.000000 
( 7,  8) 	 0.000000 	 0.000000 	 3.502983 	 0.000000 
( 7,  9) 	 0.000000 	 11.301777 	 0.000000 	 0.000000 
( 8,  0) 	 0.000000 	 0.000000 	 0.000000 	 0.000000 
( 8,  1) 	 0.000000 	 0.000000 	 1.135671 	 3.806801 
( 8,  2) 	 0.000000 	 0.000000 	 1.271040 	 0.000000 
( 8,  3) 	 0.000000 	 1.000000 	 0.000000 	 0.000000 
( 8,  4) 	 0.000000 	 0.000000 	 0.000000 	 0.000000 
( 8,  5) 	 0.000000 	 0.000000 	 0.000000 	 0.000000 
( 8,  6) 	 0.000000 	 0.000000 	 0.000000 	 0.000000 
( 8,  7) 	 0.000000 	 0.000000 	 0.000000 	 0.000000 
( 8,  8) 	 0.000000 	 0.000000 	 0.000000 	 0.000000 
( 8,  9) 	 0.000000 	 8.132806 	 0.000000 	 0.000000 
( 9,  0) 	 0.000000 	 0.000000 	 0.000000 	 0.000000 
( 9,  1) 	 0.000000 	 0.000000 	 4.564582 	 0.000000 
( 9,  2) 	 0.000000 	 0.000000 	 5.091325 	 0.000000 
( 9,  3) 	 0.000000 	 0.000000 	 5.113747 	 0.000000 
( 9,  4) 	 0.000000 	 0.000000 	 5.453833 	 0.000000 
( 9,  5) 	 0.890572 	 0.000000 	 5.736453 	 0.000000 
( 9,  6) 	 0.000000 	 0.000000 	 6.094479 	 0.000000 
( 9,  7) 	 0.000000 	 0.000000 	 6.490955 	 -0.176296 
( 9,  8) 	 0.000000 	 0.000000 	 6.644257 	 0.000000 
( 9,  9) 	 0.000000 	 7.103177 	 0.000000 	 0.000000 
