State 	 Left 	 Up 	 Right 	 Down 
( 0,  0) 	 -0.950000 	 0.000000 	 1.027738 	 8.700221 
( 0,  1) 	 0.000000 	 0.000000 	 0.000000 	 3.148982 
( 0,  2) 	 0.000000 	 0.000000 	 0.000000 	 0.000000 
( 0,  3) 	 1.686833 	 0.000000 	 9.930649 	 0.000000 
( 0,  4) 	 0.000000 	 0.000000 	 11.293843 	 0.000000 
( 0,  5) 	 0.000000 	 0.000000 	 12.671384 	 2.398945 
( 0,  6) 	 2.494856 	 0.000000 	 13.479040 	 0.000000 
( 0,  7) 	 3.468600 	 0.000000 	 13.238539 	 0.270067 
( 0,  8) 	 0.000000 	 0.000000 	 0.000000 	 13.653128 
( 0,  9) 	 4.930994 	 -0.620460 	 0.000000 	 0.000000 
( 1,  0) 	 0.000000 	 0.000000 	 10.037370 	 0.000000 
( 1,  1) 	 0.000000 	 0.000000 	 12.908262 	 0.000000 
( 1,  2) 	 0.000000 	 0.000000 	 12.996683 	 0.000000 
( 1,  3) 	 0.000000 	 8.891826 	 0.271342 	 1.988242 
( 1,  4) 	 0.000000 	 0.000000 	 0.136342 	 0.000000 
( 1,  5) 	 0.000000 	 8.273456 	 0.000000 	 -0.000000 
( 1,  6) 	 0.000000 	 0.000000 	 0.000000 	 0.000000 
( 1,  7) 	 0.000000 	 0.000000 	 4.784470 	 0.000000 
( 1,  8) 	 0.000000 	 0.000000 	 0.000000 	 0.000000 
( 1,  9) 	 17.732858 	 0.542717 	 3.901345 	 0.000000 
( 2,  0) 	 0.000000 	 0.000000 	 0.000000 	 0.000000 
( 2,  1) 	 0.000000 	 0.000000 	 0.000000 	 0.000000 
( 2,  2) 	 0.000000 	 0.000000 	 0.000000 	 0.000000 
( 2,  3) 	 0.000000 	 0.000000 	 1.000705 	 1.162100 
( 2,  4) 	 0.000000 	 0.000000 	 0.000000 	 0.878534 
( 2,  5) 	 0.000000 	 1.833899 	 -0.499665 	 0.000000 
( 2,  6) 	 0.000000 	 0.000000 	 0.000000 	 0.000000 
( 2,  7) 	 0.000000 	 0.000000 	 0.000000 	 0.000000 
( 2,  8) 	 0.000000 	 14.061179 	 0.000000 	 0.000000 
( 2,  9) 	 0.000000 	 18.566444 	 3.287676 	 0.000000 
( 3,  0) 	 0.000000 	 0.000000 	 0.000000 	 0.000000 
( 3,  1) 	 0.000000 	 0.000000 	 0.000000 	 0.000000 
( 3,  2) 	 0.000000 	 0.000000 	 0.000000 	 0.000000 
( 3,  3) 	 0.000000 	 0.000000 	 0.000000 	 1.014238 
( 3,  4) 	 0.000000 	 0.000000 	 1.000335 	 0.000000 
( 3,  5) 	 0.000000 	 1.013567 	 1.013232 	 0.000000 
( 3,  6) 	 0.000000 	 0.000000 	 11.726409 	 0.000000 
( 3,  7) 	 0.000000 	 0.000000 	 11.762950 	 0.000000 
( 3,  8) 	 0.000000 	 12.651373 	 0.000000 	 0.000000 
( 3,  9) 	 0.000000 	 18.743707 	 0.000000 	 0.000000 
( 4,  0) 	 0.000000 	 0.000000 	 0.000000 	 0.000000 
( 4,  1) 	 0.000000 	 0.000000 	 0.000000 	 0.000000 
( 4,  2) 	 0.000000 	 0.000000 	 0.000000 	 0.000000 
( 4,  3) 	 0.000000 	 0.000000 	 0.000000 	 1.135369 
( 4,  4) 	 0.000000 	 0.000000 	 0.000000 	 0.000000 
( 4,  5) 	 0.000000 	 0.447384 	 0.000000 	 0.000000 
( 4,  6) 	 0.000000 	 7.560137 	 0.000000 	 0.000000 
( 4,  7) 	 0.000000 	 0.000000 	 0.000000 	 0.000000 
( 4,  8) 	 0.000000 	 0.000000 	 0.000000 	 0.000000 
( 4,  9) 	 3.450341 	 17.193914 	 0.000000 	 0.000000 
( 5,  0) 	 0.000000 	 0.000000 	 0.000000 	 0.000000 
( 5,  1) 	 0.000000 	 0.000000 	 0.000000 	 0.000000 
( 5,  2) 	 0.000000 	 0.000000 	 0.000000 	 0.000000 
( 5,  3) 	 0.000000 	 0.000000 	 1.013232 	 0.000000 
( 5,  4) 	 0.000000 	 0.000000 	 1.136073 	 0.000000 
( 5,  5) 	 0.000000 	 1.000034 	 0.000000 	 0.000000 
( 5,  6) 	 0.000000 	 2.280696 	 3.717531 	 0.000000 
( 5,  7) 	 0.000000 	 0.000000 	 0.000000 	 4.925300 
( 5,  8) 	 0.000000 	 0.000000 	 0.000000 	 0.000000 
( 5,  9) 	 0.000000 	 16.480500 	 0.127414 	 0.000000 
( 6,  0) 	 0.000000 	 0.000000 	 0.000000 	 0.000000 
( 6,  1) 	 0.000000 	 0.000000 	 0.000000 	 0.000000 
( 6,  2) 	 0.000000 	 0.000000 	 0.000000 	 0.000000 
( 6,  3) 	 0.000000 	 0.000000 	 0.876991 	 0.000000 
( 6,  4) 	 0.000000 	 0.000000 	 0.000000 	 0.755793 
( 6,  5) 	 0.000000 	 0.000000 	 0.000000 	 0.000000 
( 6,  6) 	 0.000000 	 6.029569 	 9.226049 	 0.000000 
( 6,  7) 	 0.000000 	 0.000000 	 11.668522 	 0.000000 
( 6,  8) 	 0.000000 	 0.000000 	 10.155505 	 1.000335 
( 6,  9) 	 0.000000 	 15.301975 	 0.000000 	 2.788126 
( 7,  0) 	 0.000000 	 0.000000 	 -0.243838 	 -0.121466 
( 7,  1) 	 -0.098388 	 -0.499966 	 0.000000 	 0.000000 
( 7,  2) 	 0.000000 	 0.000000 	 0.000000 	 0.000000 
( 7,  3) 	 0.000000 	 1.135335 	 0.000000 	 0.000000 
( 7,  4) 	 0.000000 	 0.000000 	 2.980784 	 0.000000 
( 7,  5) 	 0.000000 	 -0.814967 	 11.733401 	 0.000000 
( 7,  6) 	 0.000000 	 15.577116 	 0.000000 	 0.000000 
( 7,  7) 	 0.000000 	 0.000000 	 0.000000 	 0.000000 
( 7,  8) 	 0.000000 	 0.000000 	 3.502983 	 0.000000 
( 7,  9) 	 0.000000 	 10.877341 	 0.000000 	 0.000000 
( 8,  0) 	 0.000000 	 -0.000604 	 1.577695 	 0.000000 
( 8,  1) 	 0.000000 	 0.000000 	 2.144800 	 4.409441 
( 8,  2) 	 0.000000 	 0.000000 	 4.367047 	 0.000000 
( 8,  3) 	 0.000000 	 1.000000 	 0.000000 	 2.341546 
( 8,  4) 	 0.000000 	 0.000000 	 0.000000 	 0.000000 
( 8,  5) 	 0.000000 	 0.000000 	 0.000000 	 0.000000 
( 8,  6) 	 0.000000 	 3.255419 	 0.000000 	 0.000000 
( 8,  7) 	 0.000000 	 0.000000 	 0.000000 	 0.000000 
( 8,  8) 	 0.000000 	 0.000000 	 0.000000 	 0.000000 
( 8,  9) 	 0.000000 	 8.120108 	 0.000000 	 0.000000 
( 9,  0) 	 0.000000 	 0.000000 	 0.000000 	 0.000000 
( 9,  1) 	 0.000000 	 0.957140 	 5.027301 	 0.000000 
( 9,  2) 	 0.000000 	 0.000000 	 5.676686 	 0.439229 
( 9,  3) 	 0.000000 	 0.000000 	 7.677042 	 0.000000 
( 9,  4) 	 0.000000 	 0.000000 	 8.059130 	 0.000000 
( 9,  5) 	 0.890572 	 0.000000 	 8.013803 	 0.000000 
( 9,  6) 	 0.000000 	 1.001342 	 6.399415 	 0.000000 
( 9,  7) 	 0.000000 	 0.000000 	 6.565290 	 -0.176296 
( 9,  8) 	 0.000000 	 0.000000 	 6.692568 	 0.000000 
( 9,  9) 	 0.000000 	 7.120287 	 0.000000 	 0.000000 
