State 	 Left 	 Up 	 Right 	 Down 
( 0,  0) 	 0.000000 	 0.000000 	 1.000335 	 4.775207 
( 0,  1) 	 0.000000 	 0.000000 	 0.000000 	 3.248306 
( 0,  2) 	 0.000000 	 0.000000 	 0.000000 	 0.000000 
( 0,  3) 	 0.000000 	 -0.745415 	 0.000000 	 2.568536 
( 0,  4) 	 -0.849201 	 0.000000 	 0.000000 	 0.000000 
( 0,  5) 	 -0.488717 	 0.000000 	 14.605359 	 0.000000 
( 0,  6) 	 0.000000 	 0.000000 	 14.605121 	 0.000000 
( 0,  7) 	 3.667442 	 0.000000 	 13.705394 	 0.000000 
( 0,  8) 	 4.588746 	 0.000000 	 6.148936 	 11.753360 
( 0,  9) 	 0.000000 	 0.000000 	 0.000000 	 0.000000 
( 1,  0) 	 0.000000 	 0.000000 	 0.000000 	 5.085675 
( 1,  1) 	 0.000000 	 0.000000 	 10.688743 	 1.513258 
( 1,  2) 	 2.064108 	 0.000000 	 11.048312 	 0.932323 
( 1,  3) 	 1.756911 	 0.000000 	 11.750091 	 0.000000 
( 1,  4) 	 0.000000 	 0.000000 	 12.353227 	 0.000000 
( 1,  5) 	 0.000000 	 10.535408 	 4.439279 	 0.000000 
( 1,  6) 	 0.000000 	 0.000000 	 0.000000 	 0.000000 
( 1,  7) 	 0.000000 	 0.000000 	 0.000000 	 0.000000 
( 1,  8) 	 0.000000 	 0.000000 	 0.000000 	 0.000000 
( 1,  9) 	 11.769603 	 6.149540 	 0.000000 	 0.000000 
( 2,  0) 	 0.000000 	 0.000000 	 0.000000 	 5.427119 
( 2,  1) 	 0.000000 	 7.742620 	 0.000000 	 0.000000 
( 2,  2) 	 0.000000 	 0.000000 	 0.000000 	 0.000000 
( 2,  3) 	 0.000000 	 0.000000 	 0.000000 	 0.000000 
( 2,  4) 	 0.000000 	 0.000000 	 0.000000 	 0.000000 
( 2,  5) 	 0.000000 	 3.138476 	 0.000000 	 0.000000 
( 2,  6) 	 0.000000 	 0.000000 	 0.000000 	 0.000000 
( 2,  7) 	 0.000000 	 0.000000 	 0.000000 	 0.000000 
( 2,  8) 	 0.000000 	 0.000000 	 0.000000 	 0.000000 
( 2,  9) 	 0.000000 	 13.715836 	 4.981219 	 0.000000 
( 3,  0) 	 0.000000 	 0.000000 	 0.000000 	 5.545258 
( 3,  1) 	 0.000000 	 7.341632 	 0.000000 	 0.000000 
( 3,  2) 	 0.000000 	 0.000000 	 0.000000 	 0.000000 
( 3,  3) 	 0.000000 	 0.000000 	 0.000000 	 0.000000 
( 3,  4) 	 0.000000 	 0.000000 	 0.000000 	 0.000000 
( 3,  5) 	 0.000000 	 0.000000 	 0.000000 	 0.000000 
( 3,  6) 	 0.000000 	 0.000000 	 0.000000 	 0.000000 
( 3,  7) 	 0.000000 	 0.000000 	 0.000000 	 0.000000 
( 3,  8) 	 0.000000 	 0.000000 	 0.000000 	 0.000000 
( 3,  9) 	 0.000000 	 13.488751 	 0.000000 	 0.000000 
( 4,  0) 	 0.000000 	 0.000000 	 5.718961 	 0.135369 
( 4,  1) 	 0.000000 	 6.494035 	 0.000000 	 0.000000 
( 4,  2) 	 0.000000 	 0.000000 	 0.000000 	 0.000000 
( 4,  3) 	 0.000000 	 0.000000 	 0.000000 	 0.000000 
( 4,  4) 	 0.000000 	 0.000000 	 0.000000 	 0.000000 
( 4,  5) 	 0.000000 	 0.000000 	 0.000000 	 0.000000 
( 4,  6) 	 0.000000 	 0.000000 	 0.000000 	 0.000000 
( 4,  7) 	 0.000000 	 0.000000 	 0.000000 	 0.000000 
( 4,  8) 	 0.000000 	 0.000000 	 0.000000 	 0.000000 
( 4,  9) 	 0.000000 	 12.794925 	 0.000000 	 0.000000 
( 5,  0) 	 0.000000 	 0.165392 	 0.000000 	 0.000000 
( 5,  1) 	 0.000000 	 0.000000 	 0.000000 	 0.000000 
( 5,  2) 	 0.000000 	 0.000000 	 0.000000 	 0.000000 
( 5,  3) 	 0.000000 	 0.000000 	 0.000000 	 0.000000 
( 5,  4) 	 0.000000 	 0.000000 	 0.000000 	 0.000000 
( 5,  5) 	 0.000000 	 0.000000 	 0.000000 	 0.000000 
( 5,  6) 	 0.000000 	 0.000000 	 0.000000 	 0.000000 
( 5,  7) 	 0.000000 	 0.000000 	 0.000000 	 0.000000 
( 5,  8) 	 0.000000 	 0.000000 	 0.000000 	 0.000000 
( 5,  9) 	 0.000000 	 12.157728 	 0.000000 	 0.000000 
( 6,  0) 	 0.000000 	 0.000000 	 0.000000 	 0.000000 
( 6,  1) 	 0.000000 	 0.000000 	 0.000000 	 0.000000 
( 6,  2) 	 0.000000 	 0.000000 	 0.000000 	 0.000000 
( 6,  3) 	 0.000000 	 0.000000 	 0.000000 	 0.000000 
( 6,  4) 	 0.000000 	 0.000000 	 0.000000 	 0.000000 
( 6,  5) 	 0.000000 	 0.000000 	 0.000000 	 0.000000 
( 6,  6) 	 0.000000 	 0.000000 	 5.565862 	 0.000000 
( 6,  7) 	 0.000000 	 0.000000 	 6.344877 	 0.000000 
( 6,  8) 	 0.000000 	 0.000000 	 6.654537 	 0.000000 
( 6,  9) 	 0.000000 	 11.303006 	 0.000000 	 0.000000 
( 7,  0) 	 0.000000 	 0.000000 	 0.000000 	 0.000000 
( 7,  1) 	 0.000000 	 0.000000 	 0.000000 	 0.000000 
( 7,  2) 	 0.000000 	 0.000000 	 0.000000 	 0.000000 
( 7,  3) 	 0.000000 	 0.000000 	 0.000000 	 0.000000 
( 7,  4) 	 0.000000 	 0.000000 	 0.000000 	 0.000000 
( 7,  5) 	 0.000000 	 0.000000 	 4.456642 	 0.000000 
( 7,  6) 	 0.000000 	 4.850953 	 0.000000 	 0.000000 
( 7,  7) 	 0.000000 	 0.000000 	 0.000000 	 0.000000 
( 7,  8) 	 0.000000 	 0.000000 	 0.000000 	 0.000000 
( 7,  9) 	 0.000000 	 8.543315 	 0.000000 	 0.000000 
( 8,  0) 	 0.000000 	 0.000000 	 0.000000 	 0.000000 
( 8,  1) 	 0.000000 	 0.000000 	 3.295370 	 0.135335 
( 8,  2) 	 0.000000 	 0.000000 	 0.000000 	 3.509959 
( 8,  3) 	 0.000000 	 0.000000 	 0.000000 	 0.000000 
( 8,  4) 	 0.000000 	 0.000000 	 0.000000 	 0.000000 
( 8,  5) 	 0.000000 	 0.000000 	 0.000000 	 0.000000 
( 8,  6) 	 0.000000 	 0.000000 	 0.000000 	 0.000000 
( 8,  7) 	 0.000000 	 0.000000 	 0.000000 	 0.000000 
( 8,  8) 	 0.000000 	 0.000000 	 2.322581 	 0.000000 
( 8,  9) 	 0.000000 	 7.635688 	 0.000000 	 0.000000 
( 9,  0) 	 -0.905604 	 0.000000 	 0.000671 	 -0.500000 
( 9,  1) 	 -0.734143 	 0.375749 	 0.000000 	 -0.499966 
( 9,  2) 	 0.000000 	 0.000000 	 4.015049 	 0.000000 
( 9,  3) 	 0.000000 	 0.000000 	 4.551097 	 0.000000 
( 9,  4) 	 0.000000 	 0.000000 	 4.859499 	 0.000000 
( 9,  5) 	 0.000000 	 0.000000 	 5.198479 	 0.000000 
( 9,  6) 	 0.000000 	 0.000000 	 5.573461 	 0.000000 
( 9,  7) 	 0.000000 	 0.000000 	 5.989469 	 0.000000 
( 9,  8) 	 0.000000 	 0.135671 	 6.421510 	 0.000000 
( 9,  9) 	 0.000000 	 6.704965 	 -1.364329 	 0.000000 
