State 	 Left 	 Up 	 Right 	 Down 
( 0,  0) 	 0.000000 	 0.000000 	 0.000000 	 3.457605 
( 0,  1) 	 0.000000 	 0.000000 	 0.000000 	 0.000000 
( 0,  2) 	 0.000000 	 0.000000 	 0.000000 	 0.000000 
( 0,  3) 	 0.000000 	 0.000000 	 0.000000 	 0.000000 
( 0,  4) 	 0.000000 	 0.000000 	 0.000000 	 0.000000 
( 0,  5) 	 0.000000 	 0.000000 	 9.281724 	 0.000000 
( 0,  6) 	 0.000000 	 0.000000 	 10.455478 	 0.000000 
( 0,  7) 	 0.000000 	 0.000000 	 11.197976 	 0.000000 
( 0,  8) 	 4.588746 	 0.000000 	 0.000000 	 11.690623 
( 0,  9) 	 0.000000 	 0.000000 	 0.000000 	 0.000000 
( 1,  0) 	 0.000000 	 0.000000 	 0.000000 	 3.982912 
( 1,  1) 	 0.000000 	 0.000000 	 6.966758 	 1.513258 
( 1,  2) 	 0.000000 	 0.000000 	 7.470462 	 0.932323 
( 1,  3) 	 1.756911 	 0.000000 	 7.312676 	 0.000000 
( 1,  4) 	 0.000000 	 0.000000 	 7.722906 	 0.000000 
( 1,  5) 	 0.000000 	 8.195223 	 0.000000 	 0.000000 
( 1,  6) 	 0.000000 	 0.000000 	 0.000000 	 0.000000 
( 1,  7) 	 0.000000 	 0.000000 	 0.000000 	 0.000000 
( 1,  8) 	 0.000000 	 0.000000 	 0.000000 	 0.000000 
( 1,  9) 	 11.782809 	 6.149540 	 0.000000 	 0.000000 
( 2,  0) 	 0.000000 	 0.000000 	 0.000000 	 4.287781 
( 2,  1) 	 0.000000 	 6.956474 	 0.000000 	 0.000000 
( 2,  2) 	 0.000000 	 0.000000 	 0.000000 	 0.000000 
( 2,  3) 	 0.000000 	 0.000000 	 0.000000 	 0.000000 
( 2,  4) 	 0.000000 	 0.000000 	 0.000000 	 0.000000 
( 2,  5) 	 0.000000 	 0.000000 	 0.000000 	 0.000000 
( 2,  6) 	 0.000000 	 0.000000 	 0.000000 	 0.000000 
( 2,  7) 	 0.000000 	 0.000000 	 0.000000 	 0.000000 
( 2,  8) 	 0.000000 	 0.000000 	 0.000000 	 0.000000 
( 2,  9) 	 0.000000 	 13.835184 	 4.981219 	 0.000000 
( 3,  0) 	 0.000000 	 0.000000 	 0.000000 	 4.372073 
( 3,  1) 	 0.000000 	 6.187269 	 0.000000 	 0.000000 
( 3,  2) 	 0.000000 	 0.000000 	 0.000000 	 0.000000 
( 3,  3) 	 0.000000 	 0.000000 	 0.000000 	 0.000000 
( 3,  4) 	 0.000000 	 0.000000 	 0.000000 	 0.000000 
( 3,  5) 	 0.000000 	 0.000000 	 0.000000 	 0.000000 
( 3,  6) 	 0.000000 	 0.000000 	 0.000000 	 0.000000 
( 3,  7) 	 0.000000 	 0.000000 	 0.000000 	 0.000000 
( 3,  8) 	 0.000000 	 0.000000 	 0.000000 	 0.000000 
( 3,  9) 	 0.000000 	 13.966503 	 0.000000 	 0.000000 
( 4,  0) 	 0.000000 	 0.000000 	 4.638649 	 0.135369 
( 4,  1) 	 0.000000 	 5.371489 	 0.000000 	 0.000000 
( 4,  2) 	 0.000000 	 0.000000 	 0.000000 	 0.000000 
( 4,  3) 	 0.000000 	 0.000000 	 0.000000 	 0.000000 
( 4,  4) 	 0.000000 	 0.000000 	 0.000000 	 0.000000 
( 4,  5) 	 0.000000 	 0.000000 	 0.000000 	 0.000000 
( 4,  6) 	 0.000000 	 0.000000 	 0.000000 	 0.000000 
( 4,  7) 	 0.000000 	 0.000000 	 0.000000 	 0.000000 
( 4,  8) 	 0.000000 	 0.000000 	 0.000000 	 0.000000 
( 4,  9) 	 0.000000 	 13.284815 	 0.000000 	 0.000000 
( 5,  0) 	 0.000000 	 0.165392 	 0.000000 	 0.000000 
( 5,  1) 	 0.000000 	 0.000000 	 0.000000 	 0.000000 
( 5,  2) 	 0.000000 	 0.000000 	 0.000000 	 0.000000 
( 5,  3) 	 0.000000 	 0.000000 	 0.000000 	 0.000000 
( 5,  4) 	 0.000000 	 0.000000 	 0.000000 	 0.000000 
( 5,  5) 	 0.000000 	 0.000000 	 0.000000 	 0.000000 
( 5,  6) 	 0.000000 	 0.000000 	 0.000000 	 0.000000 
( 5,  7) 	 0.000000 	 0.000000 	 0.000000 	 0.000000 
( 5,  8) 	 0.000000 	 0.000000 	 0.000000 	 0.000000 
( 5,  9) 	 0.000000 	 12.644880 	 0.000000 	 0.000000 
( 6,  0) 	 0.000000 	 0.000000 	 0.000000 	 0.000000 
( 6,  1) 	 0.000000 	 0.000000 	 0.000000 	 0.000000 
( 6,  2) 	 0.000000 	 0.000000 	 0.000000 	 0.000000 
( 6,  3) 	 0.000000 	 0.000000 	 0.000000 	 0.000000 
( 6,  4) 	 0.000000 	 0.000000 	 0.000000 	 0.000000 
( 6,  5) 	 0.000000 	 0.000000 	 0.000000 	 0.000000 
( 6,  6) 	 0.000000 	 0.000000 	 5.565862 	 0.000000 
( 6,  7) 	 0.000000 	 0.000000 	 6.344877 	 0.000000 
( 6,  8) 	 0.000000 	 0.000000 	 6.654537 	 0.000000 
( 6,  9) 	 0.000000 	 11.777006 	 0.000000 	 0.000000 
( 7,  0) 	 0.000000 	 0.000000 	 0.000000 	 0.000000 
( 7,  1) 	 0.000000 	 0.000000 	 0.000000 	 0.000000 
( 7,  2) 	 0.000000 	 0.000000 	 0.000000 	 0.000000 
( 7,  3) 	 0.000000 	 0.000000 	 0.000000 	 0.000000 
( 7,  4) 	 0.000000 	 0.000000 	 0.000000 	 0.000000 
( 7,  5) 	 0.000000 	 0.000000 	 4.456642 	 0.000000 
( 7,  6) 	 0.000000 	 4.850953 	 0.000000 	 0.000000 
( 7,  7) 	 0.000000 	 0.000000 	 0.000000 	 0.000000 
( 7,  8) 	 0.000000 	 0.000000 	 0.000000 	 0.000000 
( 7,  9) 	 0.000000 	 8.773802 	 0.000000 	 0.000000 
( 8,  0) 	 0.000000 	 0.000000 	 0.000000 	 0.000000 
( 8,  1) 	 0.000000 	 0.000000 	 3.066639 	 0.135335 
( 8,  2) 	 0.000000 	 0.000000 	 0.000000 	 3.281533 
( 8,  3) 	 0.000000 	 0.000000 	 0.000000 	 0.000000 
( 8,  4) 	 0.000000 	 0.000000 	 0.000000 	 0.000000 
( 8,  5) 	 0.000000 	 0.000000 	 0.000000 	 0.000000 
( 8,  6) 	 0.000000 	 0.000000 	 0.000000 	 0.000000 
( 8,  7) 	 0.000000 	 0.000000 	 0.000000 	 0.000000 
( 8,  8) 	 0.000000 	 0.000000 	 2.322581 	 0.000000 
( 8,  9) 	 0.000000 	 7.738283 	 0.000000 	 0.000000 
( 9,  0) 	 -0.905604 	 0.000000 	 0.000671 	 -0.500000 
( 9,  1) 	 -0.734143 	 0.375749 	 0.000000 	 -0.499966 
( 9,  2) 	 0.000000 	 0.000000 	 3.779421 	 0.000000 
( 9,  3) 	 0.000000 	 0.000000 	 4.314309 	 0.000000 
( 9,  4) 	 0.000000 	 0.000000 	 4.636251 	 0.000000 
( 9,  5) 	 0.000000 	 0.000000 	 4.989518 	 0.000000 
( 9,  6) 	 0.000000 	 0.000000 	 5.384036 	 0.000000 
( 9,  7) 	 0.000000 	 0.000000 	 5.825450 	 0.000000 
( 9,  8) 	 0.000000 	 0.135671 	 6.255874 	 0.000000 
( 9,  9) 	 0.000000 	 6.628752 	 -1.364329 	 0.000000 
