State 	 Left 	 Up 	 Right 	 Down 
( 0,  0) 	 0.000000 	 0.000000 	 1.000335 	 4.775207 
( 0,  1) 	 0.000000 	 0.000000 	 0.000000 	 3.248306 
( 0,  2) 	 0.000000 	 0.000000 	 0.000000 	 0.000000 
( 0,  3) 	 0.000000 	 -0.745415 	 0.000000 	 2.568536 
( 0,  4) 	 -0.849201 	 0.000000 	 0.000000 	 0.000000 
( 0,  5) 	 -0.488717 	 0.000000 	 14.605359 	 0.000000 
( 0,  6) 	 0.000000 	 0.000000 	 14.605121 	 0.000000 
( 0,  7) 	 3.667442 	 0.000000 	 13.705394 	 0.000000 
( 0,  8) 	 4.588746 	 0.000000 	 6.148936 	 11.753360 
( 0,  9) 	 0.000000 	 0.000000 	 0.000000 	 0.000000 
( 1,  0) 	 0.000000 	 0.000000 	 0.000000 	 5.085675 
( 1,  1) 	 0.000000 	 0.000000 	 10.688743 	 1.513258 
( 1,  2) 	 2.064108 	 0.000000 	 11.048312 	 0.932323 
( 1,  3) 	 1.756911 	 0.000000 	 11.750091 	 0.000000 
( 1,  4) 	 0.000000 	 0.000000 	 12.353227 	 0.000000 
( 1,  5) 	 0.000000 	 10.535408 	 4.439279 	 0.000000 
( 1,  6) 	 0.000000 	 0.000000 	 0.000000 	 0.000000 
( 1,  7) 	 0.000000 	 0.000000 	 6.149305 	 0.000000 
( 1,  8) 	 0.000000 	 0.000000 	 0.000000 	 0.000000 
( 1,  9) 	 11.634217 	 6.149540 	 7.959294 	 0.000000 
( 2,  0) 	 0.000000 	 0.000000 	 0.000000 	 5.427119 
( 2,  1) 	 0.000000 	 7.742620 	 0.000000 	 0.000000 
( 2,  2) 	 0.000000 	 0.000000 	 0.000000 	 0.000000 
( 2,  3) 	 0.000000 	 0.000000 	 0.000000 	 0.000000 
( 2,  4) 	 0.000000 	 0.000000 	 0.000000 	 0.000000 
( 2,  5) 	 0.000000 	 3.138476 	 0.000000 	 0.000000 
( 2,  6) 	 0.000000 	 0.000000 	 0.000000 	 0.000000 
( 2,  7) 	 0.000000 	 0.891195 	 0.000000 	 0.000000 
( 2,  8) 	 0.000000 	 0.000000 	 0.000000 	 0.000000 
( 2,  9) 	 0.000000 	 14.273780 	 8.016794 	 0.000000 
( 3,  0) 	 0.000000 	 0.000000 	 0.000000 	 5.545258 
( 3,  1) 	 0.000000 	 7.341632 	 0.000000 	 0.000000 
( 3,  2) 	 0.000000 	 0.000000 	 0.000000 	 0.000000 
( 3,  3) 	 0.000000 	 0.000000 	 0.000000 	 0.000000 
( 3,  4) 	 0.000000 	 0.000000 	 0.000000 	 0.000000 
( 3,  5) 	 0.000000 	 0.000000 	 0.000000 	 0.000000 
( 3,  6) 	 0.000000 	 0.000000 	 0.999094 	 0.000000 
( 3,  7) 	 0.000000 	 0.878601 	 0.000000 	 0.000000 
( 3,  8) 	 0.000000 	 0.000000 	 0.000000 	 0.000000 
( 3,  9) 	 0.000000 	 13.674720 	 6.507237 	 0.000000 
( 4,  0) 	 0.000000 	 0.000000 	 5.718961 	 0.135369 
( 4,  1) 	 0.000000 	 6.494035 	 0.000000 	 0.000000 
( 4,  2) 	 0.000000 	 0.000000 	 0.000000 	 0.000000 
( 4,  3) 	 0.000000 	 0.000000 	 0.000000 	 0.000000 
( 4,  4) 	 0.000000 	 0.000000 	 0.000000 	 0.000000 
( 4,  5) 	 0.000000 	 0.000000 	 0.000000 	 0.000000 
( 4,  6) 	 0.000000 	 1.135671 	 0.000000 	 0.000000 
( 4,  7) 	 0.000000 	 0.000000 	 0.000000 	 0.000000 
( 4,  8) 	 0.000000 	 0.000000 	 0.000000 	 0.000000 
( 4,  9) 	 0.000000 	 12.872173 	 5.848691 	 0.000000 
( 5,  0) 	 0.000000 	 0.165392 	 0.000000 	 0.000000 
( 5,  1) 	 0.000000 	 0.000000 	 0.000000 	 0.000000 
( 5,  2) 	 0.000000 	 0.000000 	 0.000000 	 0.000000 
( 5,  3) 	 0.000000 	 0.000000 	 0.000000 	 0.000000 
( 5,  4) 	 0.000000 	 0.000000 	 0.000000 	 0.000000 
( 5,  5) 	 0.000000 	 0.000000 	 0.000000 	 0.000000 
( 5,  6) 	 0.000000 	 1.136006 	 0.000000 	 0.000000 
( 5,  7) 	 0.000000 	 0.000000 	 0.000000 	 0.000000 
( 5,  8) 	 0.000000 	 0.000000 	 0.000000 	 0.000000 
( 5,  9) 	 0.000000 	 12.134920 	 5.279614 	 0.000000 
( 6,  0) 	 0.000000 	 0.000000 	 0.000000 	 0.000000 
( 6,  1) 	 0.000000 	 0.000000 	 0.000000 	 0.000000 
( 6,  2) 	 0.000000 	 0.000000 	 0.000000 	 0.000000 
( 6,  3) 	 0.000000 	 0.000000 	 0.000000 	 0.000000 
( 6,  4) 	 0.000000 	 0.000000 	 0.000000 	 0.000000 
( 6,  5) 	 0.000000 	 0.000000 	 0.000000 	 0.000000 
( 6,  6) 	 0.000000 	 1.270671 	 7.175155 	 0.000000 
( 6,  7) 	 0.000000 	 0.000000 	 8.094482 	 0.000000 
( 6,  8) 	 0.000000 	 0.000000 	 8.566083 	 0.000000 
( 6,  9) 	 0.000000 	 11.190349 	 4.922838 	 0.000000 
( 7,  0) 	 0.000000 	 0.000000 	 0.000000 	 0.000000 
( 7,  1) 	 0.000000 	 0.000000 	 0.000000 	 0.000000 
( 7,  2) 	 0.000000 	 0.000000 	 0.000000 	 0.000000 
( 7,  3) 	 0.000000 	 0.000000 	 0.000000 	 0.000000 
( 7,  4) 	 0.000000 	 0.000000 	 0.000000 	 0.000000 
( 7,  5) 	 0.000000 	 0.000000 	 7.849049 	 0.000000 
( 7,  6) 	 0.000000 	 8.596228 	 0.000000 	 0.000000 
( 7,  7) 	 0.000000 	 0.000000 	 0.000000 	 0.000000 
( 7,  8) 	 0.000000 	 0.000000 	 0.000000 	 0.000000 
( 7,  9) 	 0.000000 	 8.421891 	 4.361444 	 0.000000 
( 8,  0) 	 0.000000 	 0.000000 	 0.000000 	 0.000000 
( 8,  1) 	 0.000000 	 0.000000 	 8.890121 	 0.135335 
( 8,  2) 	 0.000000 	 0.000000 	 2.068604 	 7.316758 
( 8,  3) 	 0.000000 	 0.000000 	 0.000000 	 0.000000 
( 8,  4) 	 0.000000 	 0.000000 	 0.000000 	 0.000000 
( 8,  5) 	 0.000000 	 0.000000 	 0.000000 	 0.000000 
( 8,  6) 	 0.000000 	 0.000000 	 0.000000 	 0.000000 
( 8,  7) 	 0.000000 	 0.000000 	 0.000000 	 0.000000 
( 8,  8) 	 0.000000 	 0.000000 	 2.322581 	 0.000000 
( 8,  9) 	 0.000000 	 7.583456 	 3.849522 	 0.000000 
( 9,  0) 	 -0.905604 	 0.000000 	 0.000671 	 -0.500000 
( 9,  1) 	 -0.734143 	 0.375749 	 0.000000 	 -0.499966 
( 9,  2) 	 0.000000 	 0.000000 	 11.662130 	 0.000000 
( 9,  3) 	 0.000000 	 0.000000 	 12.867230 	 0.000000 
( 9,  4) 	 0.000000 	 2.412937 	 9.977544 	 0.000000 
( 9,  5) 	 0.000000 	 0.000000 	 10.343448 	 0.000000 
( 9,  6) 	 0.000000 	 0.000000 	 9.271613 	 2.175472 
( 9,  7) 	 0.000000 	 0.000000 	 9.542892 	 0.000000 
( 9,  8) 	 0.000000 	 0.135671 	 9.832301 	 0.000000 
( 9,  9) 	 0.000000 	 6.775512 	 3.881029 	 0.000000 
