State 	 Left 	 Up 	 Right 	 Down 
( 0,  0) 	 0.000000 	 0.000000 	 2.747370 	 6.227678 
( 0,  1) 	 0.000000 	 0.000000 	 0.000000 	 8.356512 
( 0,  2) 	 0.000000 	 0.000000 	 0.000000 	 0.000000 
( 0,  3) 	 0.000000 	 0.000000 	 8.312352 	 0.000000 
( 0,  4) 	 0.000000 	 0.000000 	 9.167581 	 0.000000 
( 0,  5) 	 0.000000 	 0.000000 	 9.789866 	 -0.546568 
( 0,  6) 	 0.000000 	 0.000000 	 10.487696 	 0.000000 
( 0,  7) 	 0.000000 	 3.404892 	 11.131817 	 0.000000 
( 0,  8) 	 3.932902 	 0.000000 	 0.000000 	 11.395671 
( 0,  9) 	 0.000000 	 0.000000 	 0.000000 	 0.000000 
( 1,  0) 	 0.000000 	 0.000000 	 7.069200 	 0.000000 
( 1,  1) 	 2.186684 	 0.000000 	 9.152292 	 1.135671 
( 1,  2) 	 0.000000 	 0.000000 	 9.569895 	 0.000000 
( 1,  3) 	 0.000000 	 7.243728 	 1.407348 	 0.000000 
( 1,  4) 	 0.000000 	 0.000000 	 1.272348 	 0.000000 
( 1,  5) 	 0.000000 	 0.000000 	 0.000000 	 4.119411 
( 1,  6) 	 0.000000 	 0.000000 	 0.000000 	 0.000000 
( 1,  7) 	 0.000000 	 0.000000 	 9.020703 	 0.000000 
( 1,  8) 	 0.000000 	 0.000000 	 0.000000 	 0.000000 
( 1,  9) 	 5.755793 	 0.000000 	 5.770031 	 0.000000 
( 2,  0) 	 0.000000 	 0.000000 	 0.000000 	 0.000000 
( 2,  1) 	 0.000000 	 0.000000 	 0.000000 	 1.135369 
( 2,  2) 	 0.000000 	 0.000000 	 0.000000 	 0.000000 
( 2,  3) 	 0.000000 	 0.000000 	 0.000000 	 0.000000 
( 2,  4) 	 0.000000 	 0.000000 	 0.000000 	 0.000000 
( 2,  5) 	 0.000000 	 0.000000 	 0.000000 	 6.461085 
( 2,  6) 	 0.000000 	 0.000000 	 0.000000 	 0.000000 
( 2,  7) 	 0.000000 	 5.964556 	 0.000000 	 0.000000 
( 2,  8) 	 -0.627035 	 16.167375 	 9.926572 	 3.887097 
( 2,  9) 	 0.000000 	 1.271073 	 2.961448 	 0.000000 
( 3,  0) 	 0.000000 	 0.000000 	 0.000000 	 0.000000 
( 3,  1) 	 0.000000 	 0.000000 	 0.000000 	 1.135671 
( 3,  2) 	 0.000000 	 0.000000 	 0.000000 	 0.000000 
( 3,  3) 	 0.000000 	 0.694996 	 0.756162 	 0.000000 
( 3,  4) 	 0.000000 	 4.674336 	 1.805940 	 0.000000 
( 3,  5) 	 0.000000 	 4.748895 	 15.216011 	 0.000000 
( 3,  6) 	 0.000000 	 9.521845 	 16.491225 	 0.000000 
( 3,  7) 	 0.000000 	 10.786856 	 15.216825 	 0.000000 
( 3,  8) 	 0.000000 	 16.013445 	 9.759304 	 3.495288 
( 3,  9) 	 0.000000 	 1.149573 	 0.699486 	 0.000000 
( 4,  0) 	 0.000000 	 0.000000 	 0.000000 	 0.000000 
( 4,  1) 	 0.000000 	 0.000000 	 1.000000 	 0.000000 
( 4,  2) 	 0.000000 	 0.000000 	 1.012930 	 0.000000 
( 4,  3) 	 0.000000 	 2.516266 	 0.000000 	 0.000000 
( 4,  4) 	 0.000000 	 0.000000 	 0.000000 	 0.000000 
( 4,  5) 	 0.000000 	 5.665925 	 6.321879 	 0.000000 
( 4,  6) 	 4.460691 	 11.451072 	 0.000000 	 3.433472 
( 4,  7) 	 0.000000 	 0.000000 	 0.000000 	 0.000000 
( 4,  8) 	 0.000000 	 0.000000 	 0.000000 	 0.000000 
( 4,  9) 	 0.000000 	 0.891162 	 0.387339 	 0.000000 
( 5,  0) 	 0.000000 	 0.000000 	 1.000034 	 0.000000 
( 5,  1) 	 0.000000 	 0.000000 	 1.270738 	 0.000000 
( 5,  2) 	 0.000000 	 0.000000 	 1.272012 	 0.000000 
( 5,  3) 	 0.000000 	 0.699320 	 0.000000 	 0.000000 
( 5,  4) 	 0.000000 	 3.613259 	 6.645695 	 0.000000 
( 5,  5) 	 0.000000 	 10.643833 	 0.000000 	 0.740715 
( 5,  6) 	 0.000000 	 9.211429 	 0.000000 	 0.000000 
( 5,  7) 	 3.917749 	 0.000000 	 0.000000 	 0.000000 
( 5,  8) 	 -0.000000 	 0.000000 	 2.491455 	 0.000000 
( 5,  9) 	 0.000000 	 1.000336 	 0.527821 	 0.000000 
( 6,  0) 	 0.000000 	 1.135335 	 0.000000 	 0.000000 
( 6,  1) 	 0.000000 	 0.000000 	 0.000000 	 0.000000 
( 6,  2) 	 0.000000 	 0.000000 	 0.000000 	 0.000000 
( 6,  3) 	 0.000000 	 0.000000 	 2.409807 	 0.000000 
( 6,  4) 	 0.000000 	 9.385689 	 0.000000 	 0.000000 
( 6,  5) 	 0.000000 	 0.000000 	 0.000000 	 0.000000 
( 6,  6) 	 0.000000 	 7.902256 	 0.000000 	 0.000000 
( 6,  7) 	 0.000000 	 0.000000 	 0.000000 	 0.000000 
( 6,  8) 	 0.000000 	 1.192840 	 0.698751 	 0.000000 
( 6,  9) 	 0.000000 	 0.000000 	 0.000000 	 0.000000 
( 7,  0) 	 0.000000 	 1.000671 	 0.000000 	 0.000000 
( 7,  1) 	 0.878198 	 0.000000 	 5.303871 	 1.195794 
( 7,  2) 	 0.000000 	 0.000000 	 5.869877 	 0.000000 
( 7,  3) 	 0.000000 	 -0.095238 	 5.753199 	 0.000000 
( 7,  4) 	 0.000000 	 9.424213 	 0.238518 	 0.000000 
( 7,  5) 	 4.938118 	 0.630461 	 8.669972 	 0.135335 
( 7,  6) 	 0.000000 	 7.136601 	 0.000000 	 0.999396 
( 7,  7) 	 0.000000 	 0.000000 	 0.000000 	 0.000000 
( 7,  8) 	 0.000000 	 1.417547 	 0.650412 	 0.000000 
( 7,  9) 	 0.000000 	 0.000000 	 0.000000 	 0.000000 
( 8,  0) 	 0.000000 	 0.000000 	 0.000000 	 0.000000 
( 8,  1) 	 0.000000 	 6.409564 	 0.891463 	 0.000000 
( 8,  2) 	 0.000000 	 0.000000 	 1.270738 	 0.000000 
( 8,  3) 	 0.000000 	 0.000000 	 0.000000 	 0.999396 
( 8,  4) 	 0.000000 	 0.000000 	 0.000000 	 0.000000 
( 8,  5) 	 0.000000 	 0.000000 	 0.750659 	 0.000000 
( 8,  6) 	 0.000000 	 0.000000 	 3.761268 	 0.000000 
( 8,  7) 	 0.000000 	 0.000000 	 3.051672 	 0.000000 
( 8,  8) 	 0.000000 	 1.170085 	 0.765332 	 0.000000 
( 8,  9) 	 0.000000 	 0.000000 	 0.000000 	 0.000000 
( 9,  0) 	 0.000000 	 0.000000 	 0.000000 	 0.000000 
( 9,  1) 	 0.000000 	 0.000000 	 0.000000 	 0.000000 
( 9,  2) 	 0.000000 	 0.000000 	 0.000000 	 0.000000 
( 9,  3) 	 0.000000 	 0.000000 	 1.000369 	 0.000000 
( 9,  4) 	 0.000000 	 0.000000 	 1.135335 	 0.000000 
( 9,  5) 	 0.000000 	 0.999396 	 0.000000 	 0.000000 
( 9,  6) 	 0.000000 	 0.000000 	 0.000000 	 0.000000 
( 9,  7) 	 0.000000 	 0.000000 	 0.000000 	 0.000000 
( 9,  8) 	 0.000000 	 0.000000 	 0.000000 	 0.000000 
( 9,  9) 	 0.000000 	 0.000000 	 0.000000 	 0.000000 
