State 	 Left 	 Up 	 Right 	 Down 
( 0,  0) 	 1.109176 	 -1.500000 	 -0.251680 	 7.464408 
( 0,  1) 	 -0.059710 	 -0.486466 	 -0.486399 	 -0.497669 
( 0,  2) 	 0.000000 	 0.000000 	 0.000000 	 0.000000 
( 0,  3) 	 0.000000 	 0.000000 	 0.000000 	 3.548890 
( 0,  4) 	 1.062232 	 0.000000 	 10.898588 	 0.000000 
( 0,  5) 	 -0.006003 	 0.000000 	 12.113963 	 0.000000 
( 0,  6) 	 -0.601286 	 0.000000 	 12.874570 	 0.000000 
( 0,  7) 	 0.000000 	 0.000000 	 13.194640 	 0.000000 
( 0,  8) 	 0.000000 	 0.000000 	 0.000000 	 13.605504 
( 0,  9) 	 0.000000 	 0.000000 	 0.000000 	 0.000000 
( 1,  0) 	 -1.072240 	 0.013232 	 8.323985 	 0.000000 
( 1,  1) 	 0.000000 	 0.000000 	 9.231614 	 0.000000 
( 1,  2) 	 0.000000 	 0.000000 	 9.648446 	 0.000000 
( 1,  3) 	 0.000000 	 0.000000 	 10.100672 	 -0.244207 
( 1,  4) 	 0.000000 	 10.161703 	 0.000000 	 -0.000604 
( 1,  5) 	 0.000000 	 0.000000 	 0.000000 	 0.000000 
( 1,  6) 	 0.000000 	 0.000000 	 0.000000 	 0.000000 
( 1,  7) 	 0.000000 	 0.000000 	 0.000000 	 0.000000 
( 1,  8) 	 0.000000 	 0.000000 	 0.000000 	 0.000000 
( 1,  9) 	 0.000000 	 0.000000 	 0.000000 	 0.000000 
( 2,  0) 	 0.000000 	 0.000000 	 0.000000 	 0.000000 
( 2,  1) 	 0.000000 	 0.000000 	 0.000000 	 0.000000 
( 2,  2) 	 0.000000 	 0.000000 	 0.000000 	 0.000000 
( 2,  3) 	 1.401767 	 2.347861 	 0.000000 	 0.000000 
( 2,  4) 	 0.000000 	 0.000000 	 0.000369 	 -0.000262 
( 2,  5) 	 0.000000 	 0.000000 	 -0.499664 	 -0.000000 
( 2,  6) 	 0.000000 	 0.000000 	 0.000000 	 0.000000 
( 2,  7) 	 -0.499728 	 0.000000 	 0.000335 	 0.000000 
( 2,  8) 	 0.000000 	 14.233475 	 0.000000 	 0.000000 
( 2,  9) 	 0.000000 	 0.000000 	 0.000000 	 0.000000 
( 3,  0) 	 0.000000 	 0.000000 	 0.000000 	 0.000000 
( 3,  1) 	 0.000000 	 0.000000 	 0.000000 	 0.000000 
( 3,  2) 	 0.000000 	 0.000000 	 0.000000 	 0.000000 
( 3,  3) 	 0.000000 	 0.000000 	 0.000000 	 0.000000 
( 3,  4) 	 0.000000 	 0.000198 	 0.000000 	 0.000000 
( 3,  5) 	 0.000000 	 0.000000 	 0.000000 	 0.000000 
( 3,  6) 	 0.000000 	 0.000000 	 9.351963 	 0.000000 
( 3,  7) 	 -0.265774 	 -0.405082 	 10.142597 	 0.000000 
( 3,  8) 	 0.000000 	 13.276781 	 0.000000 	 0.000000 
( 3,  9) 	 6.312139 	 0.000000 	 0.000000 	 0.000000 
( 4,  0) 	 0.000000 	 0.000000 	 0.000000 	 0.000000 
( 4,  1) 	 0.000000 	 0.000000 	 0.000000 	 0.000000 
( 4,  2) 	 0.000000 	 0.000000 	 0.000000 	 0.000000 
( 4,  3) 	 0.000000 	 0.000000 	 0.000000 	 0.000000 
( 4,  4) 	 0.000000 	 0.000000 	 0.000000 	 0.000000 
( 4,  5) 	 0.000000 	 0.000000 	 0.000000 	 0.000000 
( 4,  6) 	 0.000000 	 8.637703 	 0.000000 	 0.000000 
( 4,  7) 	 0.000000 	 0.000000 	 0.000000 	 0.000000 
( 4,  8) 	 0.000000 	 0.000000 	 0.000000 	 0.000000 
( 4,  9) 	 0.000000 	 0.891463 	 0.000000 	 0.000000 
( 5,  0) 	 0.000000 	 0.000000 	 0.000000 	 0.000000 
( 5,  1) 	 0.000000 	 0.000000 	 0.000000 	 0.000000 
( 5,  2) 	 0.000000 	 0.000000 	 0.000000 	 0.000000 
( 5,  3) 	 0.000000 	 0.000000 	 6.130409 	 0.000000 
( 5,  4) 	 0.000000 	 0.000000 	 6.934652 	 0.000000 
( 5,  5) 	 0.000000 	 0.000000 	 7.567717 	 0.000000 
( 5,  6) 	 0.000000 	 8.261990 	 1.136006 	 0.000000 
( 5,  7) 	 0.000000 	 0.000000 	 1.135402 	 0.000000 
( 5,  8) 	 0.000000 	 0.000000 	 1.135671 	 0.000000 
( 5,  9) 	 0.000000 	 0.999698 	 0.000000 	 0.000000 
( 6,  0) 	 0.000000 	 0.000000 	 0.000000 	 0.000000 
( 6,  1) 	 0.000000 	 0.000000 	 0.000000 	 0.000000 
( 6,  2) 	 0.000000 	 0.000000 	 4.962006 	 0.000000 
( 6,  3) 	 0.000000 	 5.386352 	 0.000000 	 0.000000 
( 6,  4) 	 0.000000 	 0.000000 	 0.000000 	 0.000000 
( 6,  5) 	 0.000000 	 0.000000 	 0.000000 	 0.000000 
( 6,  6) 	 0.000000 	 6.989960 	 0.000000 	 0.000000 
( 6,  7) 	 0.000000 	 0.000000 	 0.000000 	 0.000000 
( 6,  8) 	 0.000000 	 0.000000 	 0.000000 	 0.000000 
( 6,  9) 	 0.000000 	 0.000000 	 0.000000 	 0.000000 
( 7,  0) 	 0.000000 	 0.000000 	 0.000000 	 0.000000 
( 7,  1) 	 0.000000 	 0.000000 	 0.000000 	 0.000000 
( 7,  2) 	 0.000000 	 4.847283 	 0.000000 	 0.000000 
( 7,  3) 	 0.000000 	 0.000000 	 0.000000 	 0.000000 
( 7,  4) 	 0.000000 	 0.000000 	 0.000000 	 0.000000 
( 7,  5) 	 0.000000 	 0.000000 	 5.453855 	 0.000000 
( 7,  6) 	 0.000000 	 6.149894 	 0.870328 	 0.000000 
( 7,  7) 	 0.000000 	 0.000000 	 0.000000 	 0.000000 
( 7,  8) 	 0.000000 	 0.000000 	 0.000000 	 0.000000 
( 7,  9) 	 0.000000 	 0.000000 	 0.000000 	 0.000000 
( 8,  0) 	 0.000000 	 0.000000 	 0.000000 	 0.000000 
( 8,  1) 	 0.000000 	 0.000000 	 3.932478 	 0.000000 
( 8,  2) 	 0.000000 	 4.500680 	 0.000000 	 0.000000 
( 8,  3) 	 0.000000 	 0.000000 	 0.000000 	 0.000000 
( 8,  4) 	 0.000000 	 0.000000 	 0.000000 	 0.000000 
( 8,  5) 	 0.000000 	 0.000000 	 0.000000 	 0.000000 
( 8,  6) 	 0.000000 	 0.000000 	 0.000000 	 0.000000 
( 8,  7) 	 0.000000 	 0.000000 	 0.000000 	 0.000000 
( 8,  8) 	 0.000000 	 0.000000 	 0.000000 	 0.000000 
( 8,  9) 	 0.000000 	 0.000000 	 0.000000 	 0.000000 
( 9,  0) 	 0.000000 	 0.000000 	 0.000000 	 0.000000 
( 9,  1) 	 0.000000 	 0.000000 	 0.000000 	 0.000000 
( 9,  2) 	 0.000000 	 0.000000 	 0.000000 	 0.000000 
( 9,  3) 	 0.000000 	 0.000000 	 0.000000 	 0.000000 
( 9,  4) 	 0.000000 	 0.000000 	 0.000000 	 0.000000 
( 9,  5) 	 0.000000 	 0.000000 	 0.000000 	 0.000000 
( 9,  6) 	 0.000000 	 0.000000 	 0.000000 	 0.000000 
( 9,  7) 	 0.000000 	 0.000000 	 0.000000 	 0.000000 
( 9,  8) 	 0.000000 	 0.000000 	 0.000000 	 0.000000 
( 9,  9) 	 0.000000 	 0.000000 	 0.000000 	 0.000000 
